73	7338	53
479	48883	49714
75	42953	53
79	51848	53
85	64131	53
89	53	7338
84	9438	53
272	53	42953
279	53	51848
75	31734	53
75	59540	53
162	53	64131
75	23793	53
161	53	9438
139	53	59540
251	53	31734
139	53	23793
480	48883	49714
480	48883	49714
480	48883	49714
480	48883	49714
480	48883	49714
480	48883	49714
480	48883	49714
480	48883	49714
480	48883	49714
480	48883	49714
480	48883	49714
480	48883	49714
480	48883	49714
480	48883	49714
480	48883	49714
480	48883	49714
480	48883	49714
480	48883	49714
480	48883	49714
480	48883	49714
480	48883	49714
480	48883	49714
480	48883	49714
480	48883	49714
479	48883	49714
480	48883	49714
480	48883	49714
480	48883	49714
480	48883	49714
480	48883	49714
480	48883	49714
480	48883	49714
480	48883	49714
480	48883	49714
480	48883	49714
480	48883	49714
480	48883	49714
480	48883	49714
480	48883	49714
480	48883	49714
480	48883	49714
480	48883	49714
480	48883	49714
480	48883	49714
480	48883	49714
480	48883	49714
480	48883	49714
480	48883	49714
479	48883	49714
480	48883	49714
480	48883	49714
480	48883	49714
480	48883	49714
480	48883	49714
480	48883	49714
480	48883	49714
480	48883	49714
480	48883	49714
480	48883	49714
480	48883	49714
480	48883	49714
480	48883	49714
480	48883	49714
480	48883	49714
480	48883	49714
480	48883	49714
480	48883	49714
480	48883	49714
480	48883	49714
480	48883	49714
480	48883	49714
480	48883	49714
480	48883	49714
479	48883	49714
480	48883	49714
480	48883	49714
480	48883	49714
480	48883	49714
480	48883	49714
480	48883	49714
480	48883	49714
480	48883	49714
480	48883	49714
480	48883	49714
480	48883	49714
480	48883	49714
480	48883	49714
480	48883	49714
480	48883	49714
480	48883	49714
480	48883	49714
480	48883	49714
480	48883	49714
480	48883	49714
480	48883	49714
480	48883	49714
480	48883	49714
479	48883	49714
480	48883	49714
480	48883	49714
480	48883	49714
480	48883	49714
480	48883	49714
480	48883	49714
480	48883	49714
480	48883	49714
480	48883	49714
480	48883	49714
480	48883	49714
480	48883	49714
480	48883	49714
480	48883	49714
480	48883	49714
480	48883	49714
480	48883	49714
480	48883	49714
480	48883	49714
480	48883	49714
480	48883	49714
480	48883	49714
480	48883	49714
480	48883	49714
479	48883	49714
480	48883	49714
480	48883	49714
480	48883	49714
480	48883	49714
480	48883	49714
480	48883	49714
480	48883	49714
480	48883	49714
480	48883	49714
480	48883	49714
480	48883	49714
480	48883	49714
480	48883	49714
480	48883	49714
480	48883	49714
480	48883	49714
480	48883	49714
480	48883	49714
480	48883	49714
480	48883	49714
480	48883	49714
480	48883	49714
480	48883	49714
479	48883	49714
480	48883	49714
480	48883	49714
480	48883	49714
480	48883	49714
480	48883	49714
480	48883	49714
480	48883	49714
480	48883	49714
480	48883	49714
480	48883	49714
480	48883	49714
480	48883	49714
480	48883	49714
480	48883	49714
480	48883	49714
480	48883	49714
480	48883	49714
480	48883	49714
480	48883	49714
480	48883	49714
480	48883	49714
480	48883	49714
480	48883	49714
480	48883	49714
479	48883	49714
480	48883	49714
480	48883	49714
480	48883	49714
480	48883	49714
480	48883	49714
480	48883	49714
480	48883	49714
480	48883	49714
480	48883	49714
480	48883	49714
480	48883	49714
480	48883	49714
480	48883	49714
480	48883	49714
480	48883	49714
480	48883	49714
480	48883	49714
480	48883	49714
480	48883	49714
480	48883	49714
480	48883	49714
480	48883	49714
480	48883	49714
479	48883	49714
480	48883	49714
480	48883	49714
480	48883	49714
480	48883	49714
480	48883	49714
480	48883	49714
480	48883	49714
480	48883	49714
480	48883	49714
480	48883	49714
480	48883	49714
480	48883	49714
480	48883	49714
480	48883	49714
480	48883	49714
480	48883	49714
480	48883	49714
480	48883	49714
480	48883	49714
480	48883	49714
480	48883	49714
480	48883	49714
480	48883	49714
480	48883	49714
479	48883	49714
480	48883	49714
480	48883	49714
480	48883	49714
480	48883	49714
480	48883	49714
480	48883	49714
480	48883	49714
480	48883	49714
480	48883	49714
480	48883	49714
480	48883	49714
480	48883	49714
480	48883	49714
480	48883	49714
480	48883	49714
480	48883	49714
480	48883	49714
480	48883	49714
480	48883	49714
480	48883	49714
480	48883	49714
480	48883	49714
480	48883	49714
479	48883	49714
480	48883	49714
480	48883	49714
480	48883	49714
480	48883	49714
480	48883	49714
480	48883	49714
480	48883	49714
480	48883	49714
480	48883	49714
480	48883	49714
480	48883	49714
480	48883	49714
480	48883	49714
480	48883	49714
480	48883	49714
480	48883	49714
480	48883	49714
480	48883	49714
480	48883	49714
480	48883	49714
480	48883	49714
480	48883	49714
480	48883	49714
480	48883	49714
479	48883	49714
480	48883	49714
480	48883	49714
480	48883	49714
480	48883	49714
480	48883	49714
480	48883	49714
480	48883	49714
480	48883	49714
480	48883	49714
480	48883	49714
480	48883	49714
480	48883	49714
480	48883	49714
480	48883	49714
480	48883	49714
480	48883	49714
480	48883	49714
480	48883	49714
480	48883	49714
480	48883	49714
480	48883	49714
480	48883	49714
480	48883	49714
479	48883	49714
480	48883	49714
480	48883	49714
480	48883	49714
480	48883	49714
480	48883	49714
480	48883	49714
480	48883	49714
480	48883	49714
480	48883	49714
480	48883	49714
480	48883	49714
480	48883	49714
480	48883	49714
480	48883	49714
480	48883	49714
480	48883	49714
480	48883	49714
480	48883	49714
480	48883	49714
480	48883	49714
480	48883	49714
480	48883	49714
480	48883	49714
480	48883	49714
479	48883	49714
480	48883	49714
480	48883	49714
480	48883	49714
480	48883	49714
480	48883	49714
480	48883	49714
480	48883	49714
480	48883	49714
480	48883	49714
480	48883	49714
480	48883	49714
480	48883	49714
480	48883	49714
480	48883	49714
480	48883	49714
480	48883	49714
480	48883	49714
480	48883	49714
480	48883	49714
480	48883	49714
480	48883	49714
480	48883	49714
480	48883	49714
479	48883	49714
480	48883	49714
480	48883	49714
480	48883	49714
480	48883	49714
480	48883	49714
480	48883	49714
480	48883	49714
480	48883	49714
480	48883	49714
480	48883	49714
480	48883	49714
480	48883	49714
480	48883	49714
480	48883	49714
480	48883	49714
480	48883	49714
480	48883	49714
480	48883	49714
480	48883	49714
480	48883	49714
480	48883	49714
480	48883	49714
480	48883	49714
480	48883	49714
71	64440	53
479	48883	49714
138	53	64440
480	48883	49714
480	48883	49714
480	48883	49714
480	48883	49714
480	48883	49714
480	48883	49714
480	48883	49714
480	48883	49714
81	52090	53
480	48883	49714
158	53	52090
480	48883	49714
480	48883	49714
480	48883	49714
480	48883	49714
480	48883	49714
480	48883	49714
480	48883	49714
480	48883	49714
480	48883	49714
480	48883	49714
480	48883	49714
480	48883	49714
480	48883	49714
480	48883	49714
84	23475	53
304	53	23475
479	48883	49714
480	48883	49714
480	48883	49714
480	48883	49714
480	48883	49714
480	48883	49714
480	48883	49714
480	48883	49714
78	53519	53
75	4191	53
76	51452	53
141	53	53519
216	53	51452
82	38895	53
75	30422	53
130	53	4191
81	40224	53
480	48883	49714
158	53	40224
81	37626	53
146	53	30422
71	16128	53
480	48883	49714
135	53	16128
71	23310	53
170	53	23310
75	52526	53
123	53	52526
71	17729	53
158	53	37626
71	35599	53
87	53	35599
76	40338	53
480	48883	49714
112	53	40338
70	62230	53
86	53	62230
70	46135	53
111	53	46135
72	60718	53
87	53	17729
78	10192	53
480	48883	49714
116	53	10192
71	21918	53
109	53	21918
81	61558	53
480	48883	49714
98	53	38895
73	46390	53
480	48883	49714
111	53	61558
71	13104	53
87	53	13104
87	25340	53
480	48883	49714
109	53	60718
77	12822	53
480	48883	49714
480	48883	49714
89	53	46390
75	22916	53
285	53	22916
76	27800	53
92	53	27800
480	48883	49714
480	48883	49714
103	53	25340
93	53	12822
480	48883	49714
480	48883	49714
480	48883	49714
480	48883	49714
480	48883	49714
480	48883	49714
479	48883	49714
480	48883	49714
480	48883	49714
480	48883	49714
480	48883	49714
480	48883	49714
480	48883	49714
480	48883	49714
480	48883	49714
480	48883	49714
480	48883	49714
480	48883	49714
480	48883	49714
480	48883	49714
480	48883	49714
480	48883	49714
480	48883	49714
480	48883	49714
480	48883	49714
480	48883	49714
480	48883	49714
480	48883	49714
480	48883	49714
480	48883	49714
479	48883	49714
480	48883	49714
480	48883	49714
480	48883	49714
480	48883	49714
480	48883	49714
480	48883	49714
480	48883	49714
480	48883	49714
480	48883	49714
480	48883	49714
480	48883	49714
480	48883	49714
480	48883	49714
480	48883	49714
480	48883	49714
480	48883	49714
480	48883	49714
480	48883	49714
480	48883	49714
480	48883	49714
480	48883	49714
480	48883	49714
480	48883	49714
480	48883	49714
479	48883	49714
480	48883	49714
480	48883	49714
480	48883	49714
480	48883	49714
480	48883	49714
480	48883	49714
480	48883	49714
480	48883	49714
480	48883	49714
480	48883	49714
480	48883	49714
480	48883	49714
480	48883	49714
480	48883	49714
480	48883	49714
480	48883	49714
480	48883	49714
480	48883	49714
480	48883	49714
480	48883	49714
480	48883	49714
480	48883	49714
480	48883	49714
479	48883	49714
480	48883	49714
480	48883	49714
480	48883	49714
480	48883	49714
480	48883	49714
480	48883	49714
480	48883	49714
480	48883	49714
480	48883	49714
480	48883	49714
480	48883	49714
480	48883	49714
480	48883	49714
480	48883	49714
480	48883	49714
480	48883	49714
480	48883	49714
480	48883	49714
480	48883	49714
480	48883	49714
480	48883	49714
480	48883	49714
480	48883	49714
480	48883	49714
479	48883	49714
480	48883	49714
480	48883	49714
480	48883	49714
480	48883	49714
480	48883	49714
480	48883	49714
480	48883	49714
480	48883	49714
480	48883	49714
480	48883	49714
480	48883	49714
480	48883	49714
480	48883	49714
480	48883	49714
480	48883	49714
480	48883	49714
480	48883	49714
480	48883	49714
480	48883	49714
480	48883	49714
480	48883	49714
480	48883	49714
480	48883	49714
479	48883	49714
480	48883	49714
480	48883	49714
480	48883	49714
480	48883	49714
480	48883	49714
480	48883	49714
480	48883	49714
480	48883	49714
480	48883	49714
480	48883	49714
480	48883	49714
480	48883	49714
480	48883	49714
480	48883	49714
480	48883	49714
75	2006	53
134	53	2006
480	48883	49714
480	48883	49714
480	48883	49714
480	48883	49714
480	48883	49714
480	48883	49714
480	48883	49714
480	48883	49714
480	48883	49714
479	48883	49714
480	48883	49714
480	48883	49714
480	48883	49714
480	48883	49714
480	48883	49714
480	48883	49714
480	48883	49714
480	48883	49714
480	48883	49714
480	48883	49714
480	48883	49714
480	48883	49714
480	48883	49714
480	48883	49714
480	48883	49714
480	48883	49714
480	48883	49714
480	48883	49714
480	48883	49714
480	48883	49714
480	48883	49714
480	48883	49714
480	48883	49714
479	48883	49714
480	48883	49714
480	48883	49714
480	48883	49714
480	48883	49714
84	48329	53
170	53	48329
480	48883	49714
480	48883	49714
480	48883	49714
76	63230	53
92	53	63230
480	48883	49714
480	48883	49714
480	48883	49714
480	48883	49714
480	48883	49714
480	48883	49714
78	20107	53
80	5027	53
94	53	20107
96	53	5027
480	48883	49714
480	48883	49714
480	48883	49714
480	48883	49714
480	48883	49714
480	48883	49714
480	48883	49714
480	48883	49714
480	48883	49714
480	48883	49714
480	48883	49714
479	48883	49714
480	48883	49714
480	48883	49714
480	48883	49714
480	48883	49714
480	48883	49714
480	48883	49714
480	48883	49714
480	48883	49714
480	48883	49714
480	48883	49714
480	48883	49714
480	48883	49714
480	48883	49714
480	48883	49714
480	48883	49714
480	48883	49714
480	48883	49714
480	48883	49714
480	48883	49714
480	48883	49714
480	48883	49714
480	48883	49714
480	48883	49714
479	48883	49714
480	48883	49714
480	48883	49714
480	48883	49714
480	48883	49714
480	48883	49714
480	48883	49714
480	48883	49714
480	48883	49714
480	48883	49714
480	48883	49714
480	48883	49714
78	59960	53
94	53	59960
480	48883	49714
480	48883	49714
480	48883	49714
76	58781	53
76	55082	53
76	25954	53
92	53	55082
76	40488	53
92	53	25954
76	54513	53
92	53	40488
76	53025	53
92	53	53025
76	30715	53
92	53	30715
81	2009	53
76	46994	53
92	53	46994
480	48883	49714
92	53	58781
76	11171	53
92	53	54513
92	53	11171
76	43598	53
76	51439	53
92	53	43598
76	26155	53
92	53	26155
77	63892	53
97	53	2009
80	56088	53
96	53	56088
76	59460	53
480	48883	49714
135	53	59460
76	17310	53
92	53	17310
76	62134	53
92	53	62134
75	20876	53
480	48883	49714
92	53	51439
76	11047	53
92	53	11047
76	7077	53
93	53	63892
76	42980	53
92	53	42980
76	56594	53
92	53	56594
76	35178	53
92	53	35178
76	37122	53
92	53	37122
77	42806	53
480	48883	49714
91	53	20876
76	52385	53
92	53	7077
76	61652	53
92	53	61652
76	7414	53
92	53	7414
76	5630	53
480	48883	49714
93	53	42806
76	48853	53
92	53	52385
76	48103	53
480	48883	49714
92	53	48103
76	35028	53
92	53	5630
76	28593	53
92	53	48853
76	25580	53
92	53	25580
76	58492	53
92	53	58492
76	6436	53
92	53	6436
76	7701	53
92	53	7701
76	35926	53
92	53	35926
76	24446	53
92	53	24446
76	19377	53
480	48883	49714
92	53	19377
77	10621	53
93	53	10621
75	3720	53
120	53	3720
76	22740	53
92	53	22740
83	5315	53
92	53	28593
480	48883	49714
99	53	5315
480	48883	49714
480	48883	49714
479	48883	49714
92	53	35028
480	48883	49714
480	48883	49714
480	48883	49714
480	48883	49714
480	48883	49714
480	48883	49714
480	48883	49714
480	48883	49714
480	48883	49714
480	48883	49714
480	48883	49714
480	48883	49714
480	48883	49714
480	48883	49714
480	48883	49714
480	48883	49714
480	48883	49714
480	48883	49714
480	48883	49714
480	48883	49714
480	48883	49714
480	48883	49714
480	48883	49714
479	48883	49714
480	48883	49714
480	48883	49714
72	25799	53
480	48883	49714
480	48883	49714
168	53	25799
480	48883	49714
480	48883	49714
72	32876	53
168	53	32876
480	48883	49714
480	48883	49714
79	38687	53
279	53	38687
480	48883	49714
480	48883	49714
480	48883	49714
480	48883	49714
480	48883	49714
480	48883	49714
480	48883	49714
480	48883	49714
480	48883	49714
480	48883	49714
480	48883	49714
480	48883	49714
480	48883	49714
480	48883	49714
480	48883	49714
480	48883	49714
479	48883	49714
480	48883	49714
73	59814	53
480	48883	49714
73	58433	53
128	53	59814
480	48883	49714
480	48883	49714
139	53	58433
480	48883	49714
480	48883	49714
480	48883	49714
480	48883	49714
480	48883	49714
480	48883	49714
480	48883	49714
480	48883	49714
480	48883	49714
480	48883	49714
480	48883	49714
480	48883	49714
480	48883	49714
480	48883	49714
480	48883	49714
480	48883	49714
480	48883	49714
480	48883	49714
480	48883	49714
479	48883	49714
480	48883	49714
480	48883	49714
480	48883	49714
480	48883	49714
480	48883	49714
480	48883	49714
480	48883	49714
94	60033	53
480	48883	49714
124	53	60033
480	48883	49714
480	48883	49714
480	48883	49714
480	48883	49714
480	48883	49714
480	48883	49714
480	48883	49714
480	48883	49714
480	48883	49714
480	48883	49714
480	48883	49714
480	48883	49714
480	48883	49714
480	48883	49714
480	48883	49714
480	48883	49714
479	48883	49714
480	48883	49714
480	48883	49714
480	48883	49714
480	48883	49714
480	48883	49714
480	48883	49714
480	48883	49714
480	48883	49714
480	48883	49714
480	48883	49714
480	48883	49714
480	48883	49714
480	48883	49714
480	48883	49714
90	56437	53
106	53	56437
480	48883	49714
79	39573	53
129	53	39573
480	48883	49714
480	48883	49714
480	48883	49714
480	48883	49714
480	48883	49714
80	20734	53
130	53	20734
480	48883	49714
480	48883	49714
480	48883	49714
479	48883	49714
480	48883	49714
480	48883	49714
480	48883	49714
480	48883	49714
480	48883	49714
480	48883	49714
480	48883	49714
71	59791	53
279	53	59791
84	26908	53
480	48883	49714
144	53	26908
480	48883	49714
480	48883	49714
77	40396	53
141	53	40396
480	48883	49714
480	48883	49714
480	48883	49714
480	48883	49714
480	48883	49714
480	48883	49714
480	48883	49714
480	48883	49714
480	48883	49714
480	48883	49714
480	48883	49714
480	48883	49714
480	48883	49714
76	46550	53
76	55860	53
116	53	46550
121	53	55860
480	48883	49714
479	48883	49714
480	48883	49714
480	48883	49714
480	48883	49714
480	48883	49714
480	48883	49714
480	48883	49714
480	48883	49714
480	48883	49714
480	48883	49714
480	48883	49714
480	48883	49714
480	48883	49714
480	48883	49714
480	48883	49714
480	48883	49714
480	48883	49714
480	48883	49714
480	48883	49714
480	48883	49714
480	48883	49714
480	48883	49714
480	48883	49714
480	48883	49714
76	47943	53
140	53	47943
479	48883	49714
480	48883	49714
480	48883	49714
480	48883	49714
480	48883	49714
480	48883	49714
480	48883	49714
71	14166	53
83	22179	53
126	53	14166
169	53	22179
480	48883	49714
480	48883	49714
480	48883	49714
480	48883	49714
480	48883	49714
87	34718	53
480	48883	49714
160	53	34718
480	48883	49714
480	48883	49714
83	5305	53
480	48883	49714
99	53	5305
480	48883	49714
480	48883	49714
480	48883	49714
480	48883	49714
480	48883	49714
480	48883	49714
480	48883	49714
480	48883	49714
80	11750	53
135	53	11750
480	48883	49714
79	47517	53
279	53	47517
479	48883	49714
480	48883	49714
480	48883	49714
480	48883	49714
480	48883	49714
480	48883	49714
480	48883	49714
480	48883	49714
480	48883	49714
480	48883	49714
480	48883	49714
480	48883	49714
480	48883	49714
480	48883	49714
480	48883	49714
480	48883	49714
90	48831	53
106	53	48831
480	48883	49714
89	39961	53
92	59704	53
92	64784	53
105	53	39961
80	58719	53
108	53	59704
108	53	64784
176	53	58719
480	48883	49714
480	48883	49714
76	4120	53
480	48883	49714
480	48883	49714
480	48883	49714
172	53	4120
480	48883	49714
480	48883	49714
479	48883	49714
480	48883	49714
480	48883	49714
480	48883	49714
85	29055	53
173	53	29055
480	48883	49714
125	60669	53
89	13266	53
76	61332	53
80	62743	53
162	53	62743
168	53	61332
480	48883	49714
177	53	13266
141	53	60669
480	48883	49714
480	48883	49714
480	48883	49714
480	48883	49714
480	48883	49714
480	48883	49714
480	48883	49714
480	48883	49714
88	49165	53
177	53	49165
480	48883	49714
480	48883	49714
87	22693	53
83	30901	53
115	53	30901
480	48883	49714
142	53	22693
480	48883	49714
480	48883	49714
480	48883	49714
480	48883	49714
480	48883	49714
480	48883	49714
480	48883	49714
480	48883	49714
479	48883	49714
480	48883	49714
480	48883	49714
480	48883	49714
480	48883	49714
480	48883	49714
480	48883	49714
480	48883	49714
480	48883	49714
480	48883	49714
480	48883	49714
480	48883	49714
480	48883	49714
480	48883	49714
480	48883	49714
84	60069	53
158	53	60069
480	48883	49714
92	30459	53
87	11981	53
79	22465	53
103	53	11981
108	53	30459
76	35223	53
89	61469	53
105	53	61469
71	17091	53
254	53	17091
86	61754	53
102	53	61754
72	28816	53
88	53	28816
81	31037	53
97	53	31037
70	18424	53
86	53	18424
480	48883	49714
95	7502	8000
480	48883	49714
71	20550	53
276	53	20550
480	48883	49714
480	48883	49714
480	48883	49714
134	53	35223
480	48883	49714
480	48883	49714
79	37379	53
480	48883	49714
188	53	37379
479	48883	49714
480	48883	49714
480	48883	49714
172	53	22465
480	48883	49714
480	48883	49714
480	48883	49714
480	48883	49714
480	48883	49714
82	24746	53
84	58025	53
195	53	24746
186	53	58025
480	48883	49714
76	9920	53
92	53	9920
480	48883	49714
480	48883	49714
76	23166	53
77	36265	53
73	48413	53
80	4884	53
171	53	4884
138	53	23166
480	48883	49714
168	53	48413
121	53	36265
82	46595	53
134	53	46595
480	48883	49714
95	7490	53
73	64164	53
77	2230	53
111	53	7490
76	54069	53
89	53	64164
75	41070	53
480	48883	49714
79	21044	53
480	48883	49714
480	48883	49714
480	48883	49714
175	53	21044
480	48883	49714
71	5515	53
87	53	5515
480	48883	49714
480	48883	49714
77	44901	53
76	50395	53
75	46003	53
81	50202	53
480	48883	49714
480	48883	49714
241	53	50202
152	53	54069
76	51016	53
480	48883	49714
92	53	51016
71	63878	53
480	48883	49714
480	48883	49714
479	48883	49714
105	53	46003
76	18527	53
480	48883	49714
92	53	18527
75	43312	53
105	53	41070
480	48883	49714
129	53	63878
77	49904	53
480	48883	49714
91	53	43312
480	48883	49714
480	48883	49714
93	53	44901
480	48883	49714
480	48883	49714
480	48883	49714
480	48883	49714
480	48883	49714
480	48883	49714
480	48883	49714
480	48883	49714
480	48883	49714
480	48883	49714
480	48883	49714
480	48883	49714
480	48883	49714
480	48883	49714
93	53	49904
93	53	2230
480	48883	49714
480	48883	49714
480	48883	49714
480	48883	49714
479	48883	49714
480	48883	49714
480	48883	49714
480	48883	49714
78	63985	53
132	53	63985
480	48883	49714
480	48883	49714
480	48883	49714
480	48883	49714
480	48883	49714
480	48883	49714
480	48883	49714
480	48883	49714
152	53	50395
480	48883	49714
480	48883	49714
480	48883	49714
480	48883	49714
480	48883	49714
480	48883	49714
480	48883	49714
480	48883	49714
480	48883	49714
480	48883	49714
480	48883	49714
72	29557	53
249	53	29557
480	48883	49714
80	6621	53
75	11695	53
79	46215	53
76	59229	53
480	48883	49714
151	53	6621
91	53	11695
74	42926	53
207	53	46215
90	53	42926
479	48883	49714
232	53	59229
480	48883	49714
480	48883	49714
480	48883	49714
480	48883	49714
480	48883	49714
480	48883	49714
83	31539	53
115	53	31539
78	13812	53
83	29281	53
73	51728	53
84	21852	53
79	4765	53
187	53	13812
197	53	29281
118	53	21852
201	53	51728
74	4899	53
73	6185	53
113	53	4765
108	53	4899
71	41490	53
77	48976	53
480	48883	49714
123	53	48976
80	55876	53
89	53	6185
76	33077	53
126	53	55876
122	53	33077
78	47649	53
77	11001	53
94	53	47649
87	53	41490
93	53	11001
74	12813	53
90	53	12813
76	43319	53
130	53	43319
78	30978	53
73	52760	53
74	24153	53
112	53	30978
81	12394	53
480	48883	49714
129	53	12394
74	45108	53
120	53	45108
80	62869	53
96	53	62869
74	19038	53
174	53	19038
142	53	52760
480	48883	49714
111	53	24153
480	48883	49714
480	48883	49714
480	48883	49714
82	44764	53
72	11259	53
76	54270	53
80	56320	53
75	38088	53
98	53	44764
116	53	54270
135	53	56320
480	48883	49714
148	53	11259
480	48883	49714
207	53	38088
480	48883	49714
480	48883	49714
480	48883	49714
480	48883	49714
480	48883	49714
480	48883	49714
480	48883	49714
480	48883	49714
480	48883	49714
479	48883	49714
480	48883	49714
480	48883	49714
480	48883	49714
480	48883	49714
480	48883	49714
480	48883	49714
480	48883	49714
480	48883	49714
480	48883	49714
480	48883	49714
480	48883	49714
82	24189	53
79	16390	53
114	53	24189
155	53	16390
480	48883	49714
480	48883	49714
480	48883	49714
73	63806	53
74	28635	53
127	53	63806
128	53	28635
480	48883	49714
480	48883	49714
480	48883	49714
480	48883	49714
480	48883	49714
480	48883	49714
480	48883	49714
480	48883	49714
480	48883	49714
480	48883	49714
479	48883	49714
480	48883	49714
480	48883	49714
480	48883	49714
480	48883	49714
480	48883	49714
480	48883	49714
480	48883	49714
480	48883	49714
480	48883	49714
480	48883	49714
480	48883	49714
480	48883	49714
76	2821	53
106	47759	53
480	48883	49714
70	45292	53
102	53	45292
289	53	2821
480	48883	49714
154	53	47759
480	48883	49714
480	48883	49714
480	48883	49714
480	48883	49714
73	29390	53
89	53	29390
480	48883	49714
480	48883	49714
480	48883	49714
480	48883	49714
480	48883	49714
72	31482	53
88	53	31482
479	48883	49714
75	53458	53
91	53	53458
480	48883	49714
480	48883	49714
480	48883	49714
480	48883	49714
73	19610	53
73	34053	53
480	48883	49714
89	53	19610
168	53	34053
480	48883	49714
73	7021	53
92	64147	53
74	26678	53
108	53	64147
73	17113	53
90	53	26678
76	11853	53
89	53	17113
79	64282	53
92	53	11853
480	48883	49714
95	53	64282
89	53	7021
480	48883	49714
480	48883	49714
480	48883	49714
480	48883	49714
480	48883	49714
480	48883	49714
480	48883	49714
73	1952	53
480	48883	49714
166	53	1952
480	48883	49714
480	48883	49714
83	8412	53
278	53	8412
480	48883	49714
77	29658	53
205	53	29658
480	48883	49714
480	48883	49714
480	48883	49714
480	48883	49714
480	48883	49714
74	19238	53
72	39783	53
480	48883	49714
90	53	19238
166	53	39783
79	45391	53
120	53	45391
479	48883	49714
480	48883	49714
78	43454	53
275	53	43454
88	27129	53
71	53507	53
159	53	27129
141	53	53507
480	48883	49714
480	48883	49714
480	48883	49714
78	58092	53
480	48883	49714
78	22929	53
110	53	58092
131	53	22929
480	48883	49714
480	48883	49714
480	48883	49714
480	48883	49714
480	48883	49714
480	48883	49714
76	59546	53
480	48883	49714
92	53	59546
480	48883	49714
480	48883	49714
480	48883	49714
480	48883	49714
480	48883	49714
480	48883	49714
480	48883	49714
480	48883	49714
480	48883	49714
480	48883	49714
480	48883	49714
479	48883	49714
480	48883	49714
480	48883	49714
480	48883	49714
480	48883	49714
480	48883	49714
480	48883	49714
480	48883	49714
480	48883	49714
480	48883	49714
480	48883	49714
480	48883	49714
480	48883	49714
480	48883	49714
480	48883	49714
480	48883	49714
480	48883	49714
480	48883	49714
480	48883	49714
480	48883	49714
480	48883	49714
480	48883	49714
480	48883	49714
480	48883	49714
480	48883	49714
479	48883	49714
480	48883	49714
85	38932	53
101	53	38932
480	48883	49714
480	48883	49714
480	48883	49714
480	48883	49714
480	48883	49714
480	48883	49714
480	48883	49714
480	48883	49714
81	51768	53
480	48883	49714
97	53	51768
480	48883	49714
480	48883	49714
75	8786	53
107	53	8786
480	48883	49714
480	48883	49714
480	48883	49714
480	48883	49714
480	48883	49714
480	48883	49714
480	48883	49714
480	48883	49714
480	48883	49714
480	48883	49714
480	48883	49714
479	48883	49714
480	48883	49714
480	48883	49714
480	48883	49714
480	48883	49714
480	48883	49714
480	48883	49714
480	48883	49714
480	48883	49714
480	48883	49714
480	48883	49714
480	48883	49714
480	48883	49714
480	48883	49714
480	48883	49714
480	48883	49714
480	48883	49714
480	48883	49714
480	48883	49714
480	48883	49714
480	48883	49714
480	48883	49714
480	48883	49714
480	48883	49714
480	48883	49714
479	48883	49714
480	48883	49714
480	48883	49714
480	48883	49714
480	48883	49714
480	48883	49714
480	48883	49714
480	48883	49714
480	48883	49714
480	48883	49714
480	48883	49714
480	48883	49714
480	48883	49714
480	48883	49714
480	48883	49714
480	48883	49714
480	48883	49714
480	48883	49714
480	48883	49714
480	48883	49714
480	48883	49714
480	48883	49714
480	48883	49714
480	48883	49714
479	48883	49714
480	48883	49714
480	48883	49714
480	48883	49714
480	48883	49714
480	48883	49714
480	48883	49714
480	48883	49714
480	48883	49714
480	48883	49714
480	48883	49714
480	48883	49714
480	48883	49714
480	48883	49714
480	48883	49714
480	48883	49714
480	48883	49714
480	48883	49714
480	48883	49714
480	48883	49714
480	48883	49714
480	48883	49714
480	48883	49714
480	48883	49714
480	48883	49714
479	48883	49714
480	48883	49714
480	48883	49714
480	48883	49714
480	48883	49714
480	48883	49714
480	48883	49714
480	48883	49714
480	48883	49714
480	48883	49714
480	48883	49714
480	48883	49714
480	48883	49714
480	48883	49714
480	48883	49714
480	48883	49714
480	48883	49714
480	48883	49714
480	48883	49714
480	48883	49714
480	48883	49714
480	48883	49714
480	48883	49714
480	48883	49714
479	48883	49714
480	48883	49714
480	48883	49714
480	48883	49714
480	48883	49714
480	48883	49714
480	48883	49714
480	48883	49714
480	48883	49714
480	48883	49714
480	48883	49714
480	48883	49714
480	48883	49714
480	48883	49714
480	48883	49714
480	48883	49714
480	48883	49714
480	48883	49714
480	48883	49714
480	48883	49714
480	48883	49714
480	48883	49714
480	48883	49714
480	48883	49714
480	48883	49714
479	48883	49714
480	48883	49714
480	48883	49714
480	48883	49714
480	48883	49714
480	48883	49714
480	48883	49714
480	48883	49714
480	48883	49714
480	48883	49714
480	48883	49714
480	48883	49714
480	48883	49714
480	48883	49714
480	48883	49714
480	48883	49714
480	48883	49714
480	48883	49714
480	48883	49714
480	48883	49714
480	48883	49714
480	48883	49714
480	48883	49714
480	48883	49714
479	48883	49714
480	48883	49714
480	48883	49714
480	48883	49714
480	48883	49714
480	48883	49714
480	48883	49714
480	48883	49714
480	48883	49714
480	48883	49714
480	48883	49714
480	48883	49714
480	48883	49714
480	48883	49714
480	48883	49714
480	48883	49714
480	48883	49714
480	48883	49714
480	48883	49714
480	48883	49714
480	48883	49714
480	48883	49714
480	48883	49714
480	48883	49714
480	48883	49714
479	48883	49714
480	48883	49714
480	48883	49714
480	48883	49714
480	48883	49714
480	48883	49714
480	48883	49714
480	48883	49714
480	48883	49714
480	48883	49714
480	48883	49714
480	48883	49714
480	48883	49714
480	48883	49714
480	48883	49714
480	48883	49714
480	48883	49714
480	48883	49714
480	48883	49714
480	48883	49714
480	48883	49714
480	48883	49714
480	48883	49714
480	48883	49714
479	48883	49714
480	48883	49714
480	48883	49714
480	48883	49714
480	48883	49714
480	48883	49714
480	48883	49714
480	48883	49714
480	48883	49714
480	48883	49714
480	48883	49714
480	48883	49714
480	48883	49714
480	48883	49714
480	48883	49714
480	48883	49714
480	48883	49714
480	48883	49714
480	48883	49714
480	48883	49714
480	48883	49714
480	48883	49714
480	48883	49714
480	48883	49714
480	48883	49714
479	48883	49714
480	48883	49714
480	48883	49714
480	48883	49714
480	48883	49714
480	48883	49714
480	48883	49714
480	48883	49714
480	48883	49714
480	48883	49714
480	48883	49714
480	48883	49714
480	48883	49714
480	48883	49714
480	48883	49714
480	48883	49714
480	48883	49714
480	48883	49714
480	48883	49714
480	48883	49714
480	48883	49714
480	48883	49714
480	48883	49714
480	48883	49714
479	48883	49714
480	48883	49714
480	48883	49714
480	48883	49714
480	48883	49714
480	48883	49714
480	48883	49714
480	48883	49714
480	48883	49714
480	48883	49714
480	48883	49714
480	48883	49714
480	48883	49714
480	48883	49714
480	48883	49714
480	48883	49714
480	48883	49714
480	48883	49714
480	48883	49714
480	48883	49714
480	48883	49714
480	48883	49714
480	48883	49714
480	48883	49714
480	48883	49714
479	48883	49714
480	48883	49714
480	48883	49714
480	48883	49714
480	48883	49714
480	48883	49714
480	48883	49714
480	48883	49714
480	48883	49714
480	48883	49714
480	48883	49714
480	48883	49714
480	48883	49714
480	48883	49714
480	48883	49714
480	48883	49714
480	48883	49714
480	48883	49714
480	48883	49714
480	48883	49714
480	48883	49714
480	48883	49714
480	48883	49714
480	48883	49714
479	48883	49714
480	48883	49714
480	48883	49714
480	48883	49714
480	48883	49714
480	48883	49714
480	48883	49714
480	48883	49714
480	48883	49714
480	48883	49714
480	48883	49714
480	48883	49714
480	48883	49714
480	48883	49714
480	48883	49714
480	48883	49714
480	48883	49714
480	48883	49714
480	48883	49714
480	48883	49714
480	48883	49714
480	48883	49714
480	48883	49714
480	48883	49714
480	48883	49714
479	48883	49714
480	48883	49714
480	48883	49714
480	48883	49714
480	48883	49714
480	48883	49714
480	48883	49714
480	48883	49714
480	48883	49714
480	48883	49714
480	48883	49714
480	48883	49714
480	48883	49714
480	48883	49714
480	48883	49714
480	48883	49714
480	48883	49714
480	48883	49714
480	48883	49714
480	48883	49714
480	48883	49714
480	48883	49714
480	48883	49714
480	48883	49714
479	48883	49714
480	48883	49714
480	48883	49714
480	48883	49714
480	48883	49714
480	48883	49714
480	48883	49714
480	48883	49714
480	48883	49714
480	48883	49714
480	48883	49714
480	48883	49714
480	48883	49714
480	48883	49714
480	48883	49714
480	48883	49714
480	48883	49714
480	48883	49714
480	48883	49714
480	48883	49714
480	48883	49714
480	48883	49714
480	48883	49714
480	48883	49714
480	48883	49714
479	48883	49714
480	48883	49714
480	48883	49714
480	48883	49714
480	48883	49714
480	48883	49714
480	48883	49714
480	48883	49714
480	48883	49714
480	48883	49714
480	48883	49714
480	48883	49714
480	48883	49714
480	48883	49714
480	48883	49714
480	48883	49714
480	48883	49714
480	48883	49714
480	48883	49714
480	48883	49714
480	48883	49714
480	48883	49714
480	48883	49714
480	48883	49714
479	48883	49714
480	48883	49714
480	48883	49714
72	28754	53
149	53	28754
480	48883	49714
480	48883	49714
480	48883	49714
480	48883	49714
480	48883	49714
480	48883	49714
480	48883	49714
480	48883	49714
480	48883	49714
480	48883	49714
480	48883	49714
480	48883	49714
480	48883	49714
480	48883	49714
480	48883	49714
480	48883	49714
480	48883	49714
480	48883	49714
480	48883	49714
480	48883	49714
480	48883	49714
480	48883	49714
479	48883	49714
480	48883	49714
480	48883	49714
480	48883	49714
480	48883	49714
480	48883	49714
480	48883	49714
480	48883	49714
480	48883	49714
480	48883	49714
480	48883	49714
480	48883	49714
480	48883	49714
480	48883	49714
480	48883	49714
480	48883	49714
480	48883	49714
480	48883	49714
480	48883	49714
480	48883	49714
480	48883	49714
480	48883	49714
480	48883	49714
480	48883	49714
479	48883	49714
480	48883	49714
480	48883	49714
480	48883	49714
480	48883	49714
480	48883	49714
480	48883	49714
480	48883	49714
480	48883	49714
480	48883	49714
480	48883	49714
480	48883	49714
480	48883	49714
480	48883	49714
480	48883	49714
480	48883	49714
480	48883	49714
480	48883	49714
480	48883	49714
480	48883	49714
480	48883	49714
480	48883	49714
480	48883	49714
480	48883	49714
480	48883	49714
479	48883	49714
480	48883	49714
480	48883	49714
480	48883	49714
480	48883	49714
480	48883	49714
480	48883	49714
480	48883	49714
480	48883	49714
480	48883	49714
480	48883	49714
480	48883	49714
480	48883	49714
480	48883	49714
480	48883	49714
480	48883	49714
480	48883	49714
480	48883	49714
480	48883	49714
480	48883	49714
480	48883	49714
480	48883	49714
480	48883	49714
480	48883	49714
479	48883	49714
480	48883	49714
480	48883	49714
480	48883	49714
480	48883	49714
480	48883	49714
480	48883	49714
480	48883	49714
480	48883	49714
480	48883	49714
480	48883	49714
95	40372	8000
480	48883	49714
480	48883	49714
480	48883	49714
480	48883	49714
480	48883	49714
480	48883	49714
480	48883	49714
480	48883	49714
480	48883	49714
480	48883	49714
480	48883	49714
480	48883	49714
480	48883	49714
480	48883	49714
479	48883	49714
480	48883	49714
480	48883	49714
480	48883	49714
480	48883	49714
480	48883	49714
480	48883	49714
480	48883	49714
480	48883	49714
480	48883	49714
480	48883	49714
480	48883	49714
480	48883	49714
480	48883	49714
480	48883	49714
480	48883	49714
480	48883	49714
480	48883	49714
480	48883	49714
480	48883	49714
480	48883	49714
480	48883	49714
480	48883	49714
480	48883	49714
479	48883	49714
480	48883	49714
480	48883	49714
480	48883	49714
480	48883	49714
480	48883	49714
480	48883	49714
480	48883	49714
480	48883	49714
480	48883	49714
79	37163	53
95	53	37163
480	48883	49714
480	48883	49714
480	48883	49714
480	48883	49714
480	48883	49714
480	48883	49714
480	48883	49714
480	48883	49714
480	48883	49714
480	48883	49714
480	48883	49714
480	48883	49714
480	48883	49714
480	48883	49714
480	48883	49714
479	48883	49714
73	20982	53
480	48883	49714
480	48883	49714
480	48883	49714
158	53	20982
480	48883	49714
480	48883	49714
480	48883	49714
480	48883	49714
480	48883	49714
480	48883	49714
480	48883	49714
480	48883	49714
480	48883	49714
480	48883	49714
480	48883	49714
480	48883	49714
480	48883	49714
480	48883	49714
480	48883	49714
480	48883	49714
480	48883	49714
480	48883	49714
480	48883	49714
480	48883	49714
479	48883	49714
480	48883	49714
480	48883	49714
480	48883	49714
480	48883	49714
480	48883	49714
480	48883	49714
480	48883	49714
480	48883	49714
480	48883	49714
480	48883	49714
480	48883	49714
86	18996	53
480	48883	49714
480	48883	49714
214	53	18996
480	48883	49714
480	48883	49714
480	48883	49714
480	48883	49714
86	35546	53
82	27509	53
186	53	35546
98	53	27509
480	48883	49714
480	48883	49714
480	48883	49714
480	48883	49714
480	48883	49714
480	48883	49714
480	48883	49714
479	48883	49714
480	48883	49714
480	48883	49714
480	48883	49714
79	57592	53
77	2196	53
173	53	57592
80	25421	53
480	48883	49714
96	53	25421
480	48883	49714
279	53	2196
480	48883	49714
480	48883	49714
480	48883	49714
480	48883	49714
480	48883	49714
480	48883	49714
480	48883	49714
480	48883	49714
480	48883	49714
480	48883	49714
480	48883	49714
480	48883	49714
480	48883	49714
480	48883	49714
480	48883	49714
480	48883	49714
480	48883	49714
74	5786	53
90	53	5786
480	48883	49714
76	24014	53
78	31153	53
71	30357	53
78	16421	53
110	53	31153
64	61376	53
96	53	61376
79	10966	53
95	53	10966
80	61391	53
479	48883	49714
138	53	30357
70	38806	53
158	53	16421
74	36644	53
480	48883	49714
246	53	24014
480	48883	49714
86	53	38806
84	40716	53
480	48883	49714
81	52023	53
148	53	40716
480	48883	49714
480	48883	49714
151	53	52023
480	48883	49714
480	48883	49714
80	36483	53
480	48883	49714
74	25595	53
110	53	36483
287	53	36644
110	53	61391
480	48883	49714
287	53	25595
480	48883	49714
480	48883	49714
480	48883	49714
78	8712	53
170	53	8712
480	48883	49714
480	48883	49714
480	48883	49714
480	48883	49714
480	48883	49714
480	48883	49714
480	48883	49714
480	48883	49714
480	48883	49714
480	48883	49714
77	59003	53
281	53	59003
480	48883	49714
79	4198	53
129	53	4198
480	48883	49714
479	48883	49714
480	48883	49714
480	48883	49714
80	4179	53
70	46846	53
71	12069	53
111	53	46846
78	26551	53
87	53	12069
74	41999	53
480	48883	49714
85	37624	53
480	48883	49714
480	48883	49714
131	53	37624
170	53	26551
480	48883	49714
480	48883	49714
85	52505	53
199	53	52505
480	48883	49714
113	53	41999
480	48883	49714
74	57586	53
133	53	57586
80	30907	53
480	48883	49714
480	48883	49714
251	53	30907
480	48883	49714
480	48883	49714
251	53	4179
480	48883	49714
480	48883	49714
480	48883	49714
480	48883	49714
480	48883	49714
480	48883	49714
480	48883	49714
480	48883	49714
480	48883	49714
480	48883	49714
479	48883	49714
480	48883	49714
480	48883	49714
480	48883	49714
480	48883	49714
81	25441	53
151	53	25441
480	48883	49714
480	48883	49714
480	48883	49714
480	48883	49714
480	48883	49714
480	48883	49714
480	48883	49714
480	48883	49714
480	48883	49714
480	48883	49714
480	48883	49714
480	48883	49714
480	48883	49714
480	48883	49714
480	48883	49714
480	48883	49714
480	48883	49714
480	48883	49714
480	48883	49714
480	48883	49714
479	48883	49714
480	48883	49714
480	48883	49714
480	48883	49714
480	48883	49714
480	48883	49714
480	48883	49714
480	48883	49714
480	48883	49714
480	48883	49714
480	48883	49714
480	48883	49714
480	48883	49714
480	48883	49714
480	48883	49714
480	48883	49714
480	48883	49714
480	48883	49714
480	48883	49714
480	48883	49714
480	48883	49714
480	48883	49714
480	48883	49714
480	48883	49714
479	48883	49714
480	48883	49714
480	48883	49714
480	48883	49714
480	48883	49714
480	48883	49714
480	48883	49714
480	48883	49714
480	48883	49714
480	48883	49714
480	48883	49714
480	48883	49714
480	48883	49714
480	48883	49714
480	48883	49714
480	48883	49714
480	48883	49714
480	48883	49714
480	48883	49714
480	48883	49714
480	48883	49714
480	48883	49714
480	48883	49714
480	48883	49714
480	48883	49714
479	48883	49714
480	48883	49714
480	48883	49714
480	48883	49714
480	48883	49714
480	48883	49714
73	49527	53
82	48737	53
70	51297	53
85	24339	53
86	53	51297
76	11831	53
160	53	49527
480	48883	49714
480	48883	49714
480	48883	49714
480	48883	49714
480	48883	49714
480	48883	49714
101	53	24339
79	7000	53
95	53	7000
82	64693	53
98	53	64693
85	21214	53
480	48883	49714
164	53	11831
73	57191	53
76	56301	53
156	53	56301
101	53	21214
74	6779	53
82	35423	53
136	53	6779
86	65259	53
154	53	65259
79	54298	53
95	53	54298
70	16115	53
480	48883	49714
169	53	16115
86	3847	53
480	48883	49714
480	48883	49714
98	53	48737
73	40219	53
131	53	40219
79	57510	53
109	53	57510
74	12132	53
90	53	12132
81	10082	53
480	48883	49714
135	53	10082
91	21926	53
141	53	21926
480	48883	49714
480	48883	49714
81	60493	53
98	53	35423
480	48883	49714
135	53	60493
91	36119	53
73	25031	53
141	53	36119
75	38892	53
147	53	3847
80	5035	53
480	48883	49714
182	53	5035
89	53	25031
83	30140	53
79	22914	53
121	53	30140
78	10595	53
108	53	10595
82	13034	53
480	48883	49714
95	53	22914
75	50312	53
91	53	50312
83	49911	53
480	48883	49714
480	48883	49714
99	53	49911
78	24176	53
479	48883	49714
94	53	24176
70	29326	53
480	48883	49714
86	53	29326
82	38949	53
200	53	38949
480	48883	49714
75	57978	53
480	48883	49714
91	53	38892
91	53	57978
82	47132	53
480	48883	49714
112	53	13034
112	53	47132
480	48883	49714
480	48883	49714
480	48883	49714
480	48883	49714
480	48883	49714
480	48883	49714
480	48883	49714
480	48883	49714
480	48883	49714
480	48883	49714
480	48883	49714
480	48883	49714
480	48883	49714
480	48883	49714
480	48883	49714
480	48883	49714
480	48883	49714
480	48883	49714
480	48883	49714
480	48883	49714
479	48883	49714
480	48883	49714
480	48883	49714
480	48883	49714
480	48883	49714
480	48883	49714
480	48883	49714
480	48883	49714
480	48883	49714
480	48883	49714
480	48883	49714
480	48883	49714
480	48883	49714
480	48883	49714
480	48883	49714
480	48883	49714
480	48883	49714
480	48883	49714
480	48883	49714
480	48883	49714
480	48883	49714
480	48883	49714
480	48883	49714
480	48883	49714
479	48883	49714
480	48883	49714
480	48883	49714
480	48883	49714
70	20796	53
102	53	20796
480	48883	49714
480	48883	49714
89	53	57191
480	48883	49714
480	48883	49714
480	48883	49714
480	48883	49714
480	48883	49714
480	48883	49714
74	7906	53
74	56034	53
160	53	7906
160	53	56034
480	48883	49714
480	48883	49714
480	48883	49714
480	48883	49714
480	48883	49714
480	48883	49714
480	48883	49714
480	48883	49714
480	48883	49714
480	48883	49714
480	48883	49714
480	48883	49714
80	33805	53
113	53	33805
480	48883	49714
479	48883	49714
480	48883	49714
480	48883	49714
480	48883	49714
480	48883	49714
80	8196	53
240	53	8196
77	14438	53
149	53	14438
480	48883	49714
480	48883	49714
480	48883	49714
480	48883	49714
480	48883	49714
480	48883	49714
480	48883	49714
480	48883	49714
78	34152	53
155	53	34152
74	65403	53
177	53	65403
480	48883	49714
80	47722	53
153	53	47722
480	48883	49714
480	48883	49714
480	48883	49714
480	48883	49714
81	55767	53
129	53	55767
480	48883	49714
480	48883	49714
480	48883	49714
480	48883	49714
480	48883	49714
480	48883	49714
479	48883	49714
480	48883	49714
480	48883	49714
480	48883	49714
480	48883	49714
480	48883	49714
480	48883	49714
480	48883	49714
480	48883	49714
480	48883	49714
96	30600	53
128	53	30600
480	48883	49714
480	48883	49714
480	48883	49714
480	48883	49714
480	48883	49714
480	48883	49714
480	48883	49714
480	48883	49714
85	1028	53
78	43318	53
79	25830	53
74	1414	53
156	53	1028
151	53	43318
79	45652	53
84	64694	53
153	53	45652
163	53	64694
75	60754	53
79	13355	53
91	53	60754
153	53	13355
81	5910	53
153	53	25830
157	53	5910
160	53	1414
480	48883	49714
480	48883	49714
72	65302	53
183	53	65302
480	48883	49714
480	48883	49714
480	48883	49714
76	1507	53
147	53	1507
480	48883	49714
480	48883	49714
479	48883	49714
89	56347	53
105	53	56347
480	48883	49714
480	48883	49714
76	60527	53
80	15177	53
82	34882	53
155	53	15177
98	53	34882
216	53	60527
81	14567	53
80	21304	53
76	63249	53
157	53	14567
155	53	21304
118	53	63249
74	59820	53
79	64451	53
480	48883	49714
172	53	59820
186	53	64451
74	60777	53
480	48883	49714
104	53	60777
480	48883	49714
480	48883	49714
480	48883	49714
480	48883	49714
480	48883	49714
480	48883	49714
480	48883	49714
480	48883	49714
480	48883	49714
480	48883	49714
480	48883	49714
480	48883	49714
480	48883	49714
80	12020	53
156	53	12020
480	48883	49714
480	48883	49714
480	48883	49714
480	48883	49714
480	48883	49714
480	48883	49714
74	30962	53
154	53	30962
479	48883	49714
480	48883	49714
480	48883	49714
480	48883	49714
480	48883	49714
75	42612	53
161	53	42612
71	2958	53
141	53	2958
480	48883	49714
480	48883	49714
480	48883	49714
480	48883	49714
480	48883	49714
480	48883	49714
480	48883	49714
480	48883	49714
480	48883	49714
480	48883	49714
480	48883	49714
78	16309	53
275	53	16309
480	48883	49714
480	48883	49714
480	48883	49714
480	48883	49714
480	48883	49714
480	48883	49714
480	48883	49714
79	20456	53
170	53	20456
77	21781	53
244	53	21781
480	48883	49714
480	48883	49714
479	48883	49714
480	48883	49714
480	48883	49714
77	8365	53
73	18064	53
67	20323	53
83	53	20323
162	53	8365
105	53	18064
84	36754	53
69	7990	53
76	50507	53
100	53	36754
81	9545	53
101	53	7990
92	53	50507
191	53	9545
480	48883	49714
480	48883	49714
480	48883	49714
480	48883	49714
480	48883	49714
480	48883	49714
480	48883	49714
480	48883	49714
76	9800	53
480	48883	49714
480	48883	49714
480	48883	49714
480	48883	49714
480	48883	49714
480	48883	49714
480	48883	49714
76	26756	53
480	48883	49714
108	53	26756
108	53	9800
480	48883	49714
480	48883	49714
480	48883	49714
72	53922	53
72	8133	53
93	7097	53
88	53	53922
75	16813	53
480	48883	49714
88	53	8133
75	38304	53
480	48883	49714
479	48883	49714
480	48883	49714
480	48883	49714
480	48883	49714
480	48883	49714
93	37817	53
75	13677	53
480	48883	49714
172	53	38304
72	12973	53
181	53	16813
150	53	37817
480	48883	49714
181	53	13677
150	53	7097
480	48883	49714
480	48883	49714
480	48883	49714
80	27506	53
195	53	27506
73	61486	53
89	53	61486
480	48883	49714
480	48883	49714
480	48883	49714
72	25811	53
480	48883	49714
156	53	25811
480	48883	49714
156	53	12973
480	48883	49714
480	48883	49714
480	48883	49714
78	58587	53
480	48883	49714
264	53	58587
480	48883	49714
480	48883	49714
480	48883	49714
480	48883	49714
480	48883	49714
480	48883	49714
479	48883	49714
480	48883	49714
480	48883	49714
480	48883	49714
480	48883	49714
480	48883	49714
480	48883	49714
480	48883	49714
480	48883	49714
480	48883	49714
480	48883	49714
480	48883	49714
480	48883	49714
480	48883	49714
480	48883	49714
480	48883	49714
480	48883	49714
480	48883	49714
480	48883	49714
480	48883	49714
480	48883	49714
480	48883	49714
480	48883	49714
480	48883	49714
479	48883	49714
480	48883	49714
480	48883	49714
480	48883	49714
480	48883	49714
480	48883	49714
480	48883	49714
480	48883	49714
480	48883	49714
480	48883	49714
480	48883	49714
480	48883	49714
480	48883	49714
480	48883	49714
480	48883	49714
480	48883	49714
480	48883	49714
480	48883	49714
480	48883	49714
480	48883	49714
480	48883	49714
480	48883	49714
480	48883	49714
480	48883	49714
480	48883	49714
479	48883	49714
480	48883	49714
480	48883	49714
480	48883	49714
480	48883	49714
480	48883	49714
480	48883	49714
480	48883	49714
480	48883	49714
480	48883	49714
480	48883	49714
480	48883	49714
480	48883	49714
480	48883	49714
480	48883	49714
480	48883	49714
480	48883	49714
480	48883	49714
480	48883	49714
480	48883	49714
480	48883	49714
480	48883	49714
480	48883	49714
480	48883	49714
479	48883	49714
480	48883	49714
480	48883	49714
480	48883	49714
480	48883	49714
480	48883	49714
480	48883	49714
75	32974	53
139	53	32974
480	48883	49714
480	48883	49714
480	48883	49714
480	48883	49714
480	48883	49714
480	48883	49714
480	48883	49714
480	48883	49714
480	48883	49714
480	48883	49714
480	48883	49714
480	48883	49714
480	48883	49714
480	48883	49714
480	48883	49714
480	48883	49714
480	48883	49714
480	48883	49714
479	48883	49714
480	48883	49714
480	48883	49714
480	48883	49714
480	48883	49714
480	48883	49714
480	48883	49714
480	48883	49714
480	48883	49714
480	48883	49714
480	48883	49714
480	48883	49714
480	48883	49714
480	48883	49714
480	48883	49714
480	48883	49714
480	48883	49714
480	48883	49714
480	48883	49714
480	48883	49714
480	48883	49714
480	48883	49714
480	48883	49714
480	48883	49714
479	48883	49714
480	48883	49714
480	48883	49714
480	48883	49714
480	48883	49714
480	48883	49714
480	48883	49714
480	48883	49714
480	48883	49714
480	48883	49714
480	48883	49714
480	48883	49714
480	48883	49714
480	48883	49714
480	48883	49714
480	48883	49714
480	48883	49714
480	48883	49714
480	48883	49714
480	48883	49714
480	48883	49714
480	48883	49714
480	48883	49714
480	48883	49714
480	48883	49714
479	48883	49714
480	48883	49714
480	48883	49714
480	48883	49714
480	48883	49714
480	48883	49714
480	48883	49714
480	48883	49714
480	48883	49714
480	48883	49714
480	48883	49714
480	48883	49714
480	48883	49714
480	48883	49714
480	48883	49714
480	48883	49714
480	48883	49714
480	48883	49714
480	48883	49714
480	48883	49714
480	48883	49714
480	48883	49714
480	48883	49714
480	48883	49714
479	48883	49714
480	48883	49714
480	48883	49714
480	48883	49714
480	48883	49714
480	48883	49714
480	48883	49714
480	48883	49714
480	48883	49714
480	48883	49714
480	48883	49714
480	48883	49714
480	48883	49714
480	48883	49714
480	48883	49714
480	48883	49714
480	48883	49714
480	48883	49714
480	48883	49714
480	48883	49714
480	48883	49714
480	48883	49714
480	48883	49714
480	48883	49714
480	48883	49714
479	48883	49714
480	48883	49714
480	48883	49714
480	48883	49714
480	48883	49714
480	48883	49714
480	48883	49714
480	48883	49714
480	48883	49714
480	48883	49714
480	48883	49714
480	48883	49714
480	48883	49714
480	48883	49714
480	48883	49714
480	48883	49714
480	48883	49714
480	48883	49714
480	48883	49714
480	48883	49714
480	48883	49714
480	48883	49714
480	48883	49714
480	48883	49714
479	48883	49714
480	48883	49714
480	48883	49714
480	48883	49714
480	48883	49714
480	48883	49714
480	48883	49714
480	48883	49714
480	48883	49714
480	48883	49714
480	48883	49714
480	48883	49714
480	48883	49714
480	48883	49714
480	48883	49714
480	48883	49714
480	48883	49714
480	48883	49714
480	48883	49714
480	48883	49714
480	48883	49714
480	48883	49714
480	48883	49714
480	48883	49714
480	48883	49714
479	48883	49714
480	48883	49714
480	48883	49714
480	48883	49714
480	48883	49714
480	48883	49714
480	48883	49714
480	48883	49714
480	48883	49714
480	48883	49714
480	48883	49714
480	48883	49714
480	48883	49714
480	48883	49714
480	48883	49714
480	48883	49714
480	48883	49714
480	48883	49714
480	48883	49714
480	48883	49714
480	48883	49714
480	48883	49714
480	48883	49714
480	48883	49714
479	48883	49714
480	48883	49714
480	48883	49714
73	3462	53
89	53	3462
480	48883	49714
480	48883	49714
480	48883	49714
480	48883	49714
480	48883	49714
480	48883	49714
480	48883	49714
480	48883	49714
480	48883	49714
480	48883	49714
480	48883	49714
480	48883	49714
480	48883	49714
480	48883	49714
73	6525	53
89	53	6525
480	48883	49714
480	48883	49714
480	48883	49714
480	48883	49714
480	48883	49714
480	48883	49714
480	48883	49714
480	48883	49714
479	48883	49714
480	48883	49714
480	48883	49714
480	48883	49714
480	48883	49714
480	48883	49714
480	48883	49714
480	48883	49714
480	48883	49714
480	48883	49714
480	48883	49714
480	48883	49714
480	48883	49714
480	48883	49714
480	48883	49714
480	48883	49714
480	48883	49714
480	48883	49714
480	48883	49714
480	48883	49714
480	48883	49714
480	48883	49714
480	48883	49714
480	48883	49714
479	48883	49714
480	48883	49714
480	48883	49714
480	48883	49714
480	48883	49714
480	48883	49714
480	48883	49714
480	48883	49714
480	48883	49714
480	48883	49714
480	48883	49714
480	48883	49714
480	48883	49714
480	48883	49714
480	48883	49714
480	48883	49714
480	48883	49714
480	48883	49714
480	48883	49714
480	48883	49714
480	48883	49714
480	48883	49714
480	48883	49714
480	48883	49714
480	48883	49714
479	48883	49714
480	48883	49714
480	48883	49714
480	48883	49714
480	48883	49714
480	48883	49714
480	48883	49714
480	48883	49714
480	48883	49714
480	48883	49714
480	48883	49714
480	48883	49714
480	48883	49714
480	48883	49714
480	48883	49714
480	48883	49714
480	48883	49714
480	48883	49714
480	48883	49714
480	48883	49714
480	48883	49714
480	48883	49714
480	48883	49714
480	48883	49714
479	48883	49714
480	48883	49714
480	48883	49714
480	48883	49714
480	48883	49714
480	48883	49714
480	48883	49714
480	48883	49714
480	48883	49714
480	48883	49714
480	48883	49714
480	48883	49714
480	48883	49714
480	48883	49714
480	48883	49714
480	48883	49714
480	48883	49714
480	48883	49714
480	48883	49714
480	48883	49714
480	48883	49714
480	48883	49714
480	48883	49714
480	48883	49714
480	48883	49714
479	48883	49714
480	48883	49714
480	48883	49714
480	48883	49714
480	48883	49714
480	48883	49714
480	48883	49714
480	48883	49714
480	48883	49714
480	48883	49714
480	48883	49714
480	48883	49714
480	48883	49714
480	48883	49714
480	48883	49714
480	48883	49714
480	48883	49714
480	48883	49714
480	48883	49714
480	48883	49714
480	48883	49714
480	48883	49714
480	48883	49714
480	48883	49714
479	48883	49714
480	48883	49714
480	48883	49714
480	48883	49714
480	48883	49714
480	48883	49714
480	48883	49714
480	48883	49714
480	48883	49714
480	48883	49714
480	48883	49714
480	48883	49714
480	48883	49714
480	48883	49714
480	48883	49714
480	48883	49714
480	48883	49714
480	48883	49714
480	48883	49714
480	48883	49714
480	48883	49714
480	48883	49714
480	48883	49714
480	48883	49714
480	48883	49714
479	48883	49714
480	48883	49714
480	48883	49714
480	48883	49714
480	48883	49714
480	48883	49714
480	48883	49714
480	48883	49714
480	48883	49714
480	48883	49714
480	48883	49714
480	48883	49714
480	48883	49714
480	48883	49714
480	48883	49714
480	48883	49714
480	48883	49714
480	48883	49714
480	48883	49714
480	48883	49714
480	48883	49714
480	48883	49714
480	48883	49714
480	48883	49714
479	48883	49714
480	48883	49714
480	48883	49714
480	48883	49714
480	48883	49714
480	48883	49714
480	48883	49714
480	48883	49714
480	48883	49714
480	48883	49714
480	48883	49714
480	48883	49714
480	48883	49714
480	48883	49714
480	48883	49714
480	48883	49714
480	48883	49714
480	48883	49714
480	48883	49714
480	48883	49714
480	48883	49714
480	48883	49714
480	48883	49714
480	48883	49714
480	48883	49714
479	48883	49714
480	48883	49714
480	48883	49714
480	48883	49714
480	48883	49714
480	48883	49714
480	48883	49714
480	48883	49714
480	48883	49714
480	48883	49714
480	48883	49714
480	48883	49714
480	48883	49714
480	48883	49714
480	48883	49714
480	48883	49714
480	48883	49714
480	48883	49714
480	48883	49714
480	48883	49714
480	48883	49714
480	48883	49714
480	48883	49714
480	48883	49714
479	48883	49714
480	48883	49714
480	48883	49714
480	48883	49714
480	48883	49714
480	48883	49714
480	48883	49714
480	48883	49714
480	48883	49714
480	48883	49714
480	48883	49714
480	48883	49714
480	48883	49714
480	48883	49714
480	48883	49714
480	48883	49714
480	48883	49714
480	48883	49714
480	48883	49714
480	48883	49714
480	48883	49714
480	48883	49714
480	48883	49714
480	48883	49714
480	48883	49714
479	48883	49714
480	48883	49714
480	48883	49714
480	48883	49714
480	48883	49714
480	48883	49714
480	48883	49714
480	48883	49714
480	48883	49714
480	48883	49714
480	48883	49714
480	48883	49714
480	48883	49714
480	48883	49714
480	48883	49714
480	48883	49714
480	48883	49714
480	48883	49714
480	48883	49714
480	48883	49714
480	48883	49714
480	48883	49714
480	48883	49714
480	48883	49714
479	48883	49714
480	48883	49714
480	48883	49714
480	48883	49714
480	48883	49714
480	48883	49714
480	48883	49714
480	48883	49714
480	48883	49714
480	48883	49714
480	48883	49714
480	48883	49714
480	48883	49714
480	48883	49714
480	48883	49714
480	48883	49714
480	48883	49714
480	48883	49714
480	48883	49714
480	48883	49714
480	48883	49714
480	48883	49714
480	48883	49714
480	48883	49714
480	48883	49714
479	48883	49714
480	48883	49714
480	48883	49714
480	48883	49714
480	48883	49714
480	48883	49714
480	48883	49714
79	29361	53
239	53	29361
480	48883	49714
480	48883	49714
480	48883	49714
480	48883	49714
480	48883	49714
480	48883	49714
480	48883	49714
480	48883	49714
480	48883	49714
480	48883	49714
480	48883	49714
480	48883	49714
480	48883	49714
480	48883	49714
480	48883	49714
480	48883	49714
480	48883	49714
479	48883	49714
480	48883	49714
480	48883	49714
480	48883	49714
480	48883	49714
480	48883	49714
480	48883	49714
480	48883	49714
480	48883	49714
480	48883	49714
480	48883	49714
480	48883	49714
480	48883	49714
480	48883	49714
480	48883	49714
480	48883	49714
74	51062	53
76	7934	53
84	61162	53
90	53	51062
208	53	7934
480	48883	49714
480	48883	49714
480	48883	49714
480	48883	49714
480	48883	49714
480	48883	49714
480	48883	49714
84	14880	53
480	48883	49714
233	53	14880
480	48883	49714
479	48883	49714
480	48883	49714
480	48883	49714
166	53	61162
480	48883	49714
480	48883	49714
480	48883	49714
75	12039	53
251	53	12039
480	48883	49714
480	48883	49714
480	48883	49714
480	48883	49714
480	48883	49714
480	48883	49714
480	48883	49714
480	48883	49714
480	48883	49714
480	48883	49714
480	48883	49714
480	48883	49714
480	48883	49714
480	48883	49714
480	48883	49714
480	48883	49714
480	48883	49714
480	48883	49714
479	48883	49714
480	48883	49714
480	48883	49714
480	48883	49714
480	48883	49714
480	48883	49714
480	48883	49714
480	48883	49714
480	48883	49714
480	48883	49714
480	48883	49714
480	48883	49714
480	48883	49714
480	48883	49714
480	48883	49714
480	48883	49714
480	48883	49714
480	48883	49714
480	48883	49714
480	48883	49714
480	48883	49714
480	48883	49714
480	48883	49714
480	48883	49714
480	48883	49714
479	48883	49714
480	48883	49714
480	48883	49714
480	48883	49714
480	48883	49714
480	48883	49714
480	48883	49714
480	48883	49714
480	48883	49714
480	48883	49714
480	48883	49714
480	48883	49714
480	48883	49714
480	48883	49714
480	48883	49714
480	48883	49714
480	48883	49714
480	48883	49714
480	48883	49714
480	48883	49714
480	48883	49714
480	48883	49714
480	48883	49714
480	48883	49714
479	48883	49714
480	48883	49714
480	48883	49714
480	48883	49714
480	48883	49714
480	48883	49714
480	48883	49714
480	48883	49714
480	48883	49714
480	48883	49714
480	48883	49714
480	48883	49714
480	48883	49714
480	48883	49714
480	48883	49714
480	48883	49714
480	48883	49714
480	48883	49714
480	48883	49714
480	48883	49714
480	48883	49714
480	48883	49714
480	48883	49714
480	48883	49714
480	48883	49714
479	48883	49714
480	48883	49714
480	48883	49714
480	48883	49714
480	48883	49714
480	48883	49714
480	48883	49714
480	48883	49714
480	48883	49714
480	48883	49714
480	48883	49714
480	48883	49714
480	48883	49714
480	48883	49714
480	48883	49714
480	48883	49714
480	48883	49714
480	48883	49714
480	48883	49714
480	48883	49714
480	48883	49714
480	48883	49714
480	48883	49714
480	48883	49714
479	48883	49714
82	22915	53
85	42970	53
184	53	22915
480	48883	49714
187	53	42970
90	59263	53
86	39114	53
80	43761	53
76	52499	53
82	29312	53
85	35981	53
188	53	39114
189	53	43761
205	53	59263
247	53	52499
480	48883	49714
184	53	29312
147	53	35981
480	48883	49714
480	48883	49714
480	48883	49714
480	48883	49714
480	48883	49714
83	55818	53
185	53	55818
480	48883	49714
480	48883	49714
480	48883	49714
480	48883	49714
480	48883	49714
480	48883	49714
480	48883	49714
480	48883	49714
480	48883	49714
480	48883	49714
480	48883	49714
480	48883	49714
480	48883	49714
480	48883	49714
480	48883	49714
480	48883	49714
480	48883	49714
479	48883	49714
76	52164	53
92	53	52164
93	2161	53
480	48883	49714
109	53	2161
480	48883	49714
480	48883	49714
480	48883	49714
89	10742	53
86	25293	53
86	52512	53
105	53	10742
80	63093	53
284	53	63093
85	36145	53
257	53	25293
81	2604	53
480	48883	49714
97	53	2604
78	13911	53
94	53	13911
88	53127	53
74	3270	53
236	53	36145
70	39104	53
86	53	39104
85	15607	53
144	53	15607
83	31775	53
99	53	31775
71	46840	53
140	53	52512
91	12194	53
121	53	12194
77	15862	53
93	53	15862
72	16467	53
110	53	16467
94	56151	53
480	48883	49714
110	53	56151
83	57387	53
132	53	53127
138	53	57387
78	26034	53
168	53	46840
164	53	3270
480	48883	49714
173	53	26034
480	48883	49714
480	48883	49714
480	48883	49714
75	44681	53
165	53	44681
480	48883	49714
480	48883	49714
480	48883	49714
480	48883	49714
71	23049	53
480	48883	49714
480	48883	49714
138	53	23049
71	2828	53
480	48883	49714
480	48883	49714
219	53	2828
480	48883	49714
480	48883	49714
72	25486	53
168	53	25486
480	48883	49714
480	48883	49714
81	12469	53
78	27766	53
126	53	27766
97	53	12469
88	62683	53
77	21869	53
88	34968	53
480	48883	49714
316	53	34968
190	53	62683
479	48883	49714
162	53	21869
480	48883	49714
480	48883	49714
480	48883	49714
480	48883	49714
480	48883	49714
480	48883	49714
480	48883	49714
480	48883	49714
480	48883	49714
480	48883	49714
480	48883	49714
480	48883	49714
480	48883	49714
80	45920	53
96	53	45920
480	48883	49714
480	48883	49714
480	48883	49714
480	48883	49714
73	32700	53
117	53	32700
480	48883	49714
71	32850	53
82	49862	53
480	48883	49714
83	29309	53
135	53	32850
184	53	49862
99	53	29309
75	23127	53
129	53	23127
480	48883	49714
480	48883	49714
480	48883	49714
480	48883	49714
480	48883	49714
479	48883	49714
480	48883	49714
480	48883	49714
480	48883	49714
480	48883	49714
480	48883	49714
480	48883	49714
480	48883	49714
480	48883	49714
480	48883	49714
480	48883	49714
480	48883	49714
480	48883	49714
480	48883	49714
480	48883	49714
480	48883	49714
86	23710	53
480	48883	49714
480	48883	49714
75	22508	53
197	53	22508
480	48883	49714
318	53	23710
480	48883	49714
480	48883	49714
480	48883	49714
480	48883	49714
72	2961	53
75	24427	53
76	16318	53
480	48883	49714
260	53	16318
479	48883	49714
136	53	2961
480	48883	49714
179	53	24427
480	48883	49714
480	48883	49714
91	62550	53
80	61092	53
127	53	61092
480	48883	49714
128	53	62550
480	48883	49714
76	42684	53
161	53	42684
480	48883	49714
480	48883	49714
81	16967	53
97	53	16967
480	48883	49714
480	48883	49714
480	48883	49714
480	48883	49714
480	48883	49714
480	48883	49714
84	3122	53
170	53	3122
480	48883	49714
480	48883	49714
81	43811	53
97	53	43811
480	48883	49714
480	48883	49714
480	48883	49714
480	48883	49714
480	48883	49714
480	48883	49714
480	48883	49714
69	9434	53
123	53	9434
480	48883	49714
480	48883	49714
479	48883	49714
480	48883	49714
480	48883	49714
78	17207	53
73	13319	53
75	61326	53
174	53	13319
94	53	17207
174	53	61326
480	48883	49714
73	27452	53
480	48883	49714
172	53	27452
480	48883	49714
74	15494	53
173	53	15494
480	48883	49714
480	48883	49714
480	48883	49714
480	48883	49714
480	48883	49714
480	48883	49714
73	20745	53
480	48883	49714
89	53	20745
480	48883	49714
480	48883	49714
480	48883	49714
480	48883	49714
81	7527	53
134	53	7527
480	48883	49714
480	48883	49714
480	48883	49714
480	48883	49714
480	48883	49714
480	48883	49714
87	39023	53
164	53	39023
480	48883	49714
479	48883	49714
480	48883	49714
480	48883	49714
74	51084	53
90	53	51084
480	48883	49714
480	48883	49714
480	48883	49714
480	48883	49714
81	37424	53
290	53	37424
480	48883	49714
480	48883	49714
480	48883	49714
480	48883	49714
69	47666	53
76	56617	53
74	42173	53
85	53	47666
175	53	56617
78	34020	53
71	10906	53
94	53	34020
76	2026	53
173	53	42173
78	34475	53
175	53	2026
73	17107	53
94	53	34475
79	32595	53
170	53	10906
89	53	17107
480	48883	49714
95	53	32595
480	48883	49714
480	48883	49714
73	37398	53
172	53	37398
480	48883	49714
480	48883	49714
75	17401	53
285	53	17401
480	48883	49714
480	48883	49714
480	48883	49714
480	48883	49714
480	48883	49714
480	48883	49714
480	48883	49714
480	48883	49714
480	48883	49714
479	48883	49714
480	48883	49714
480	48883	49714
480	48883	49714
480	48883	49714
480	48883	49714
480	48883	49714
480	48883	49714
480	48883	49714
75	35281	53
480	48883	49714
105	53	35281
480	48883	49714
480	48883	49714
480	48883	49714
480	48883	49714
480	48883	49714
480	48883	49714
480	48883	49714
480	48883	49714
480	48883	49714
480	48883	49714
480	48883	49714
480	48883	49714
480	48883	49714
480	48883	49714
479	48883	49714
480	48883	49714
480	48883	49714
480	48883	49714
480	48883	49714
480	48883	49714
480	48883	49714
480	48883	49714
480	48883	49714
480	48883	49714
480	48883	49714
480	48883	49714
480	48883	49714
480	48883	49714
480	48883	49714
480	48883	49714
480	48883	49714
480	48883	49714
480	48883	49714
480	48883	49714
480	48883	49714
480	48883	49714
480	48883	49714
480	48883	49714
480	48883	49714
479	48883	49714
480	48883	49714
480	48883	49714
480	48883	49714
480	48883	49714
480	48883	49714
480	48883	49714
480	48883	49714
480	48883	49714
480	48883	49714
480	48883	49714
480	48883	49714
480	48883	49714
480	48883	49714
480	48883	49714
480	48883	49714
480	48883	49714
480	48883	49714
480	48883	49714
480	48883	49714
480	48883	49714
480	48883	49714
480	48883	49714
480	48883	49714
479	48883	49714
480	48883	49714
480	48883	49714
480	48883	49714
480	48883	49714
480	48883	49714
480	48883	49714
480	48883	49714
480	48883	49714
480	48883	49714
480	48883	49714
480	48883	49714
480	48883	49714
480	48883	49714
480	48883	49714
480	48883	49714
480	48883	49714
480	48883	49714
480	48883	49714
480	48883	49714
480	48883	49714
480	48883	49714
480	48883	49714
480	48883	49714
480	48883	49714
479	48883	49714
480	48883	49714
480	48883	49714
480	48883	49714
480	48883	49714
480	48883	49714
480	48883	49714
480	48883	49714
480	48883	49714
480	48883	49714
480	48883	49714
480	48883	49714
480	48883	49714
480	48883	49714
480	48883	49714
480	48883	49714
480	48883	49714
480	48883	49714
480	48883	49714
480	48883	49714
480	48883	49714
480	48883	49714
480	48883	49714
480	48883	49714
479	48883	49714
480	48883	49714
480	48883	49714
480	48883	49714
480	48883	49714
480	48883	49714
480	48883	49714
480	48883	49714
480	48883	49714
480	48883	49714
480	48883	49714
480	48883	49714
480	48883	49714
480	48883	49714
480	48883	49714
480	48883	49714
480	48883	49714
480	48883	49714
480	48883	49714
480	48883	49714
480	48883	49714
480	48883	49714
480	48883	49714
480	48883	49714
480	48883	49714
479	48883	49714
480	48883	49714
480	48883	49714
480	48883	49714
480	48883	49714
480	48883	49714
480	48883	49714
480	48883	49714
480	48883	49714
480	48883	49714
480	48883	49714
480	48883	49714
480	48883	49714
480	48883	49714
480	48883	49714
480	48883	49714
480	48883	49714
480	48883	49714
480	48883	49714
480	48883	49714
480	48883	49714
480	48883	49714
480	48883	49714
480	48883	49714
479	48883	49714
480	48883	49714
480	48883	49714
480	48883	49714
480	48883	49714
480	48883	49714
480	48883	49714
480	48883	49714
480	48883	49714
480	48883	49714
480	48883	49714
480	48883	49714
480	48883	49714
480	48883	49714
480	48883	49714
480	48883	49714
480	48883	49714
480	48883	49714
480	48883	49714
480	48883	49714
480	48883	49714
480	48883	49714
480	48883	49714
480	48883	49714
480	48883	49714
479	48883	49714
480	48883	49714
480	48883	49714
480	48883	49714
480	48883	49714
480	48883	49714
480	48883	49714
480	48883	49714
480	48883	49714
480	48883	49714
480	48883	49714
480	48883	49714
480	48883	49714
480	48883	49714
480	48883	49714
480	48883	49714
480	48883	49714
480	48883	49714
480	48883	49714
480	48883	49714
480	48883	49714
480	48883	49714
480	48883	49714
480	48883	49714
479	48883	49714
480	48883	49714
480	48883	49714
480	48883	49714
480	48883	49714
480	48883	49714
480	48883	49714
480	48883	49714
480	48883	49714
480	48883	49714
480	48883	49714
480	48883	49714
480	48883	49714
480	48883	49714
480	48883	49714
480	48883	49714
480	48883	49714
480	48883	49714
480	48883	49714
480	48883	49714
480	48883	49714
480	48883	49714
480	48883	49714
480	48883	49714
480	48883	49714
479	48883	49714
480	48883	49714
480	48883	49714
480	48883	49714
480	48883	49714
480	48883	49714
480	48883	49714
480	48883	49714
480	48883	49714
480	48883	49714
480	48883	49714
480	48883	49714
480	48883	49714
480	48883	49714
480	48883	49714
480	48883	49714
480	48883	49714
480	48883	49714
480	48883	49714
480	48883	49714
480	48883	49714
480	48883	49714
480	48883	49714
480	48883	49714
479	48883	49714
480	48883	49714
480	48883	49714
480	48883	49714
480	48883	49714
480	48883	49714
480	48883	49714
480	48883	49714
480	48883	49714
480	48883	49714
480	48883	49714
480	48883	49714
480	48883	49714
480	48883	49714
480	48883	49714
480	48883	49714
480	48883	49714
480	48883	49714
480	48883	49714
480	48883	49714
480	48883	49714
480	48883	49714
480	48883	49714
480	48883	49714
480	48883	49714
479	48883	49714
480	48883	49714
480	48883	49714
480	48883	49714
480	48883	49714
480	48883	49714
480	48883	49714
480	48883	49714
480	48883	49714
480	48883	49714
480	48883	49714
480	48883	49714
480	48883	49714
480	48883	49714
480	48883	49714
480	48883	49714
480	48883	49714
480	48883	49714
480	48883	49714
480	48883	49714
480	48883	49714
480	48883	49714
480	48883	49714
480	48883	49714
479	48883	49714
480	48883	49714
480	48883	49714
480	48883	49714
480	48883	49714
480	48883	49714
480	48883	49714
480	48883	49714
480	48883	49714
480	48883	49714
480	48883	49714
480	48883	49714
480	48883	49714
480	48883	49714
480	48883	49714
480	48883	49714
480	48883	49714
480	48883	49714
480	48883	49714
480	48883	49714
480	48883	49714
480	48883	49714
480	48883	49714
480	48883	49714
480	48883	49714
479	48883	49714
480	48883	49714
480	48883	49714
480	48883	49714
480	48883	49714
480	48883	49714
480	48883	49714
480	48883	49714
480	48883	49714
480	48883	49714
480	48883	49714
480	48883	49714
480	48883	49714
480	48883	49714
480	48883	49714
480	48883	49714
480	48883	49714
480	48883	49714
480	48883	49714
480	48883	49714
480	48883	49714
480	48883	49714
480	48883	49714
480	48883	49714
479	48883	49714
480	48883	49714
480	48883	49714
480	48883	49714
480	48883	49714
480	48883	49714
480	48883	49714
480	48883	49714
480	48883	49714
480	48883	49714
480	48883	49714
480	48883	49714
74	33864	53
170	53	33864
480	48883	49714
480	48883	49714
480	48883	49714
480	48883	49714
480	48883	49714
480	48883	49714
480	48883	49714
480	48883	49714
480	48883	49714
480	48883	49714
480	48883	49714
480	48883	49714
480	48883	49714
479	48883	49714
480	48883	49714
480	48883	49714
480	48883	49714
480	48883	49714
480	48883	49714
480	48883	49714
480	48883	49714
480	48883	49714
480	48883	49714
480	48883	49714
480	48883	49714
480	48883	49714
480	48883	49714
480	48883	49714
480	48883	49714
480	48883	49714
480	48883	49714
480	48883	49714
480	48883	49714
480	48883	49714
480	48883	49714
480	48883	49714
480	48883	49714
479	48883	49714
480	48883	49714
480	48883	49714
480	48883	49714
480	48883	49714
480	48883	49714
480	48883	49714
480	48883	49714
480	48883	49714
480	48883	49714
480	48883	49714
480	48883	49714
480	48883	49714
480	48883	49714
480	48883	49714
480	48883	49714
480	48883	49714
480	48883	49714
480	48883	49714
480	48883	49714
480	48883	49714
480	48883	49714
480	48883	49714
480	48883	49714
480	48883	49714
479	48883	49714
480	48883	49714
480	48883	49714
480	48883	49714
480	48883	49714
480	48883	49714
480	48883	49714
73	38395	53
89	53	38395
480	48883	49714
480	48883	49714
480	48883	49714
480	48883	49714
480	48883	49714
79	5035	53
84	44080	53
134	53	44080
279	53	5035
480	48883	49714
480	48883	49714
480	48883	49714
480	48883	49714
480	48883	49714
480	48883	49714
480	48883	49714
480	48883	49714
480	48883	49714
480	48883	49714
480	48883	49714
480	48883	49714
479	48883	49714
480	48883	49714
480	48883	49714
480	48883	49714
480	48883	49714
480	48883	49714
480	48883	49714
480	48883	49714
480	48883	49714
480	48883	49714
480	48883	49714
480	48883	49714
480	48883	49714
480	48883	49714
480	48883	49714
480	48883	49714
480	48883	49714
480	48883	49714
480	48883	49714
480	48883	49714
480	48883	49714
79	51337	53
79	52153	53
120	53	51337
279	53	52153
480	48883	49714
480	48883	49714
480	48883	49714
480	48883	49714
479	48883	49714
480	48883	49714
480	48883	49714
480	48883	49714
480	48883	49714
480	48883	49714
480	48883	49714
90	45729	53
167	53	45729
480	48883	49714
80	63482	53
284	53	63482
480	48883	49714
480	48883	49714
480	48883	49714
480	48883	49714
78	61524	53
128	53	61524
480	48883	49714
480	48883	49714
480	48883	49714
76	6904	53
121	53	6904
480	48883	49714
480	48883	49714
480	48883	49714
480	48883	49714
480	48883	49714
480	48883	49714
480	48883	49714
480	48883	49714
480	48883	49714
479	48883	49714
480	48883	49714
480	48883	49714
480	48883	49714
480	48883	49714
480	48883	49714
480	48883	49714
480	48883	49714
480	48883	49714
480	48883	49714
480	48883	49714
480	48883	49714
480	48883	49714
480	48883	49714
480	48883	49714
480	48883	49714
480	48883	49714
480	48883	49714
480	48883	49714
480	48883	49714
480	48883	49714
480	48883	49714
480	48883	49714
480	48883	49714
480	48883	49714
479	48883	49714
480	48883	49714
480	48883	49714
74	46540	53
170	53	46540
480	48883	49714
480	48883	49714
480	48883	49714
480	48883	49714
480	48883	49714
480	48883	49714
480	48883	49714
480	48883	49714
480	48883	49714
480	48883	49714
480	48883	49714
480	48883	49714
480	48883	49714
480	48883	49714
480	48883	49714
480	48883	49714
480	48883	49714
480	48883	49714
480	48883	49714
480	48883	49714
480	48883	49714
479	48883	49714
480	48883	49714
480	48883	49714
480	48883	49714
480	48883	49714
480	48883	49714
84	9003	53
144	53	9003
480	48883	49714
480	48883	49714
480	48883	49714
480	48883	49714
480	48883	49714
480	48883	49714
480	48883	49714
480	48883	49714
480	48883	49714
76	2857	53
252	53	2857
480	48883	49714
480	48883	49714
480	48883	49714
480	48883	49714
480	48883	49714
480	48883	49714
480	48883	49714
480	48883	49714
75	45413	53
251	53	45413
480	48883	49714
480	48883	49714
479	48883	49714
480	48883	49714
480	48883	49714
480	48883	49714
480	48883	49714
480	48883	49714
84	6844	53
304	53	6844
480	48883	49714
480	48883	49714
480	48883	49714
480	48883	49714
480	48883	49714
480	48883	49714
480	48883	49714
69	9064	53
480	48883	49714
480	48883	49714
74	42936	53
480	48883	49714
85	53	9064
480	48883	49714
480	48883	49714
480	48883	49714
480	48883	49714
480	48883	49714
90	53	42936
480	48883	49714
480	48883	49714
480	48883	49714
479	48883	49714
480	48883	49714
480	48883	49714
480	48883	49714
480	48883	49714
480	48883	49714
480	48883	49714
480	48883	49714
480	48883	49714
480	48883	49714
480	48883	49714
480	48883	49714
78	8281	53
480	48883	49714
480	48883	49714
480	48883	49714
480	48883	49714
480	48883	49714
480	48883	49714
138	53	8281
480	48883	49714
480	48883	49714
480	48883	49714
480	48883	49714
480	48883	49714
480	48883	49714
480	48883	49714
479	48883	49714
480	48883	49714
480	48883	49714
480	48883	49714
480	48883	49714
480	48883	49714
480	48883	49714
480	48883	49714
480	48883	49714
480	48883	49714
480	48883	49714
480	48883	49714
480	48883	49714
480	48883	49714
480	48883	49714
480	48883	49714
480	48883	49714
480	48883	49714
480	48883	49714
480	48883	49714
480	48883	49714
480	48883	49714
480	48883	49714
480	48883	49714
479	48883	49714
480	48883	49714
77	8468	53
77	45016	53
84	44501	53
127	53	8468
134	53	44501
127	53	45016
480	48883	49714
77	48582	53
127	53	48582
67	45561	53
84	51810	53
77	51330	53
134	53	51810
74	52586	53
127	53	51330
67	45090	53
480	48883	49714
149	53	52586
480	48883	49714
480	48883	49714
480	48883	49714
480	48883	49714
142	53	45561
142	53	45090
480	48883	49714
480	48883	49714
480	48883	49714
480	48883	49714
75	25342	53
285	53	25342
75	48701	53
134	53	48701
71	19567	53
279	53	19567
79	39276	53
279	53	39276
75	27576	53
272	53	27576
81	14340	53
166	53	14340
75	19704	53
139	53	19704
70	50625	53
72	54944	53
76	16807	53
88	53	54944
92	53	16807
72	42492	53
80	52615	53
112	53	52615
117	53	42492
75	21325	53
130	53	21325
86	53	50625
87	61846	53
160	53	61846
84	62036	53
170	53	62036
74	6028	53
90	53	6028
70	45507	53
86	53	45507
70	33455	53
86	53	33455
79	40681	53
276	53	40681
78	10696	53
130	53	10696
75	57619	53
139	53	57619
79	8282	53
75	56947	53
71	33768	53
95	53	8282
76	17622	53
135	53	33768
251	53	56947
83	31773	53
79	59053	53
116	53	17622
95	53	59053
99	53	31773
83	59308	53
169	53	59308
78	53878	53
94	53	53878
72	5501	53
88	53	5501
72	56140	53
180	53	56140
80	31747	53
182	53	31747
74	60398	53
163	53	60398
97	31182	53
174	53	31182
81	9108	53
70	50169	53
169	53	50169
97	53	9108
77	58822	53
236	53	58822
77	20171	53
129	53	20171
80	27076	53
176	53	27076
77	29742	53
79	41881	53
95	53	41881
93	53	29742
73	32560	53
89	53	32560
72	10586	53
74	10885	53
88	53	10586
104	53	10885
80	34449	53
77	12983	53
85	49515	53
130	53	34449
162	53	49515
141	53	12983
79	13766	53
279	53	13766
75	35079	53
139	53	35079
73	36616	53
71	36638	53
83	61806	53
254	53	36638
68	47643	53
84	53	47643
84	39617	53
99	53	61806
174	53	36616
73	21437	53
90	40650	53
181	53	40650
74	5881	53
137	53	39617
90	61499	53
128	53	21437
78	3040	53
106	53	61499
77	32374	53
162	53	32374
79	43782	53
128	53	3040
78	41338	53
275	53	41338
78	11585	53
120	53	5881
81	60136	53
95	53	43782
73	39054	53
150	53	60136
73	3193	53
203	53	3193
84	55328	53
89	53	39054
72	32155	53
100	53	55328
72	26644	53
226	53	32155
75	39245	53
238	53	26644
75	5993	53
82	1785	53
195	53	1785
84	49702	53
186	53	49702
147	53	11585
75	52277	53
183	53	39245
73	59987	53
183	53	5993
76	37513	53
183	53	52277
235	53	59987
96	14632	53
145	53	14632
184	53	37513
75	12761	53
270	53	12761
83	12398	53
135	53	12398
84	3073	53
161	53	3073
87	46547	53
164	53	46547
77	29325	53
110	53	29325
73	64360	53
89	11649	53
284	53	64360
177	53	11649
75	23454	53
171	53	23454
125	5789	53
141	53	5789
77	49948	53
127	53	49948
78	24781	53
131	53	24781
77	39979	53
127	53	39979
67	59675	53
142	53	59675
83	51373	53
278	53	51373
81	64324	53
284	53	64324
83	6236	53
227	53	6236
77	63409	53
281	53	63409
96	42707	53
145	53	42707
84	12978	53
89	64224	53
158	53	12978
121	53	64224
83	31521	53
99	53	31521
85	7382	53
173	53	7382
71	46723	53
276	53	46723
85	61923	53
176	53	61923
88	62618	53
74	13559	53
154	53	13559
104	53	62618
79	29095	53
129	53	29095
87	18631	53
103	53	18631
85	48494	53
85	64449	53
85	13139	53
85	54066	53
160	53	48494
160	53	64449
160	53	13139
162	53	54066
85	57526	53
160	53	57526
85	40344	53
162	53	40344
90	53638	53
135	53	53638
85	58652	53
162	53	58652
132	57952	53
132	47875	53
148	53	57952
148	53	47875
394	53	64925
91	15891	53
137	53	15891
