1	0
2	0.0426619
3	0.042649
4	0.042716
5	0.0260911
6	0.0261409
7	0.0261509
8	0.0261981
9	0.0261099
10	0.0261259
11	0.026145
12	0.0261481
13	0.0261431
14	0.0261579
15	0.02614
16	0.0261421
17	0.026185
18	0.0261199
19	0.026139
20	0.0261409
21	0.0261559
22	0.0261681
23	0.0260911
24	0.026155
25	0.0261488
26	0.0261631
27	0.0261371
28	0.0261178
29	0.0262332
30	0.0260959
31	0.02615
32	0.02618
33	0.026089
34	0.026165
35	0.026109
36	0.026154
37	0.0261371
38	0.0261409
39	0.0262311
40	0.026119
41	0.026103
42	0.026139
43	0.0261619
44	0.026125
45	0.026144
46	0.0261641
47	0.026113
48	0.026175
49	0.0261168
50	0.0261421
51	0.0261528
52	0.0261531
53	0.026175
54	0.026135
55	0.026134
56	0.0261309
57	0.0261421
58	0.02616
59	0.026166
60	0.0260961
61	0.0261748
62	0.026123
63	0.026155
64	0.026124
65	0.026166
66	0.0261312
67	0.0261409
68	0.0261331
69	0.026159
70	0.0261559
71	0.02614
72	0.026154
73	0.0261199
74	0.0261669
75	0.0261302
76	0.026181
77	0.0261469
78	0.02613
79	0.026124
80	0.0261841
81	0.0260971
82	0.0261528
83	0.0261462
84	0.0261488
85	0.0261321
86	0.026154
87	0.0261378
88	0.0261662
89	0.026125
90	0.0261619
91	0.0261221
92	0.0261509
93	0.0261431
94	0.02613
95	0.0261509
96	0.0261421
97	0.0261579
98	0.026139
99	0.026175
100	0.026108
101	0.026159
102	0.026139
103	0.0262148
104	0.0260801
105	0.0261788
106	0.0261071
107	0.026161
108	0.026119
109	0.026139
110	0.02616
111	0.02618
112	0.0261002
113	0.02614
114	0.0261669
115	0.0261431
116	0.026129
117	0.0261409
118	0.0261619
119	0.0261562
120	0.0261638
121	0.0261021
122	0.0261691
123	0.026191
124	0.0261059
125	0.0261271
126	0.0261381
127	0.02613
128	0.0261669
129	0.0261309
130	0.0261512
131	0.026139
132	0.0261478
133	0.0261431
134	0.026181
135	0.026119
136	0.0261731
137	0.026114
138	0.0261459
139	0.0261629
140	0.0261981
141	0.0260799
142	0.0261471
143	0.0261409
144	0.026118
145	0.026202
146	0.026129
147	0.0261321
148	0.026129
149	0.0261438
150	0.0261662
151	0.026139
152	0.0261319
153	0.0261641
154	0.026144
155	0.026161
156	0.026103
157	0.026165
158	0.026161
159	0.0261109
160	0.02615
161	0.0261562
162	0.0261669
163	0.026108
164	0.0261519
165	0.0261321
166	0.026232
167	0.026094
168	0.0261509
169	0.0261052
170	0.0261378
171	0.026181
172	0.0261321
173	0.026135
174	0.0261619
175	0.026144
176	0.026134
177	0.0261722
178	0.0261309
179	0.0261221
180	0.0261719
181	0.026119
182	0.0261719
183	0.0261221
184	0.0262039
185	0.0260842
186	0.026175
187	0.0261168
188	0.0261521
189	0.02614
190	0.026135
191	0.0261629
192	0.0261142
193	0.0261438
194	0.026181
195	0.026144
196	0.0261152
197	0.02617
198	0.0261338
199	0.026175
200	0.0261071
201	0.0262191
202	0.0260658
203	0.026175
204	0.0260711
205	0.026196
206	0.0261331
207	0.026197
208	0.026129
209	0.026114
210	0.02614
211	0.026139
212	0.0261679
213	0.0261562
214	0.026139
215	0.0261269
216	0.0261481
217	0.0261629
218	0.02616
219	0.0261581
220	0.026088
221	0.026159
222	0.026149
223	0.0261359
224	0.0261459
225	0.0261672
226	0.0261168
227	0.0261431
228	0.0261381
229	0.0261459
230	0.0261679
231	0.026155
232	0.0261252
233	0.0261459
234	0.026144
235	0.026176
236	0.0261281
237	0.0261419
238	0.0261111
239	0.0261879
240	0.026195
241	0.026062
242	0.0261459
243	0.0262101
244	0.026068
245	0.026175
246	0.02618
247	0.026098
248	0.0261509
249	0.0261331
250	0.0261669
251	0.0261171
252	0.0261779
253	0.026196
254	0.0260479
255	0.026155
256	0.0261631
257	0.02617
258	0.026125
259	0.026123
260	0.026161
261	0.026166
262	0.026139
263	0.026109
264	0.026144
265	0.0261781
266	0.0261199
267	0.026139
268	0.0261419
269	0.026201
270	0.0261021
271	0.0261459
272	0.0261869
273	0.0261002
274	0.0261638
275	0.0261211
276	0.0262101
277	0.026093
278	0.0261469
279	0.0261421
280	0.02614
281	0.0261998
282	0.0261052
283	0.026176
284	0.0260971
285	0.0261438
286	0.0261612
287	0.026093
288	0.0261719
289	0.026171
290	0.0261161
291	0.026125
292	0.0261688
293	0.0262151
294	0.0260971
295	0.026202
296	0.0260701
297	0.0261798
298	0.0262792
299	0.025996
300	0.026124
301	0.0261478
302	0.0261371
303	0.026134
304	0.02614
305	0.0261559
306	0.0261641
307	0.026119
308	0.0261509
309	0.0261421
310	0.0261459
311	0.026139
312	0.0261419
313	0.026145
314	0.0262251
315	0.0261371
316	0.026166
317	0.0260739
318	0.0261431
319	0.0261478
320	0.026123
321	0.0261421
322	0.0261378
323	0.026232
324	0.026067
325	0.026154
326	0.0261481
327	0.0261378
328	0.0261831
329	0.0261531
330	0.0260868
331	0.026139
332	0.0261512
333	0.026248
334	0.0261259
335	0.0260601
336	0.0261629
337	0.0261691
338	0.026118
339	0.026191
340	0.0261278
341	0.0261631
342	0.0261481
343	0.0260799
344	0.0261641
345	0.026144
346	0.02613
347	0.0261531
348	0.0261679
349	0.026161
350	0.0261171
351	0.026134
352	0.0261569
353	0.0261362
354	0.026154
355	0.0261328
356	0.0261841
357	0.026093
358	0.0261791
359	0.0261269
360	0.0261281
361	0.02615
362	0.0261309
363	0.0261841
364	0.0261149
365	0.02614
366	0.026139
367	0.0261881
368	0.026124
369	0.0261319
370	0.026341
371	0.0259581
372	0.0261571
373	0.026165
374	0.026094
375	0.0261939
376	0.02614
377	0.026123
378	0.0261459
379	0.0261211
380	0.02616
381	0.0261409
382	0.0261431
383	0.0261369
384	0.02614
385	0.026159
386	0.02615
387	0.0261261
388	0.026145
389	0.026159
390	0.0261438
391	0.0261421
392	0.0261731
393	0.0261099
394	0.02616
395	0.026144
396	0.0262489
397	0.0267799
398	0.025424
399	0.0262141
400	0.026067
401	0.0261469
402	0.026114
403	0.026159
404	0.026139
405	0.0261431
406	0.0261509
407	0.0261581
408	0.0261459
409	0.02615
410	0.026118
411	0.026201
412	0.0261168
413	0.02614
414	0.026154
415	0.026125
416	0.0261512
417	0.0261419
418	0.02614
419	0.0261281
420	0.0261669
421	0.0261521
422	0.0261309
423	0.0261791
424	0.0261159
425	0.02616
426	0.0261321
427	0.0261459
428	0.026123
429	0.026263
430	0.0261259
431	0.026047
432	0.0261581
433	0.0261321
434	0.0261738
435	0.0261161
436	0.026154
437	0.0261388
438	0.0262101
439	0.0260301
440	0.0261939
441	0.0261362
442	0.026171
443	0.0261359
444	0.0261512
445	0.0261438
446	0.026155
447	0.026123
448	0.0261741
449	0.0261099
450	0.026222
451	0.0276031
452	0.0246639
453	0.026103
454	0.026149
455	0.026238
456	0.026053
457	0.0261259
458	0.0261621
459	0.0261691
460	0.02617
461	0.026145
462	0.0260658
463	0.026195
464	0.0261359
465	0.0261302
466	0.0261538
467	0.026211
468	0.0260961
469	0.02619
470	0.0260758
471	0.0261471
472	0.0261419
473	0.026165
474	0.0261362
475	0.026145
476	0.026125
477	0.0261359
478	0.0261641
479	0.0261469
480	0.0261672
481	0.0261059
482	0.0261691
483	0.026145
484	0.0261471
485	0.0261228
486	0.026159
487	0.026145
488	0.0261371
489	0.0261559
490	0.0261481
491	0.0261569
492	0.0261641
493	0.026145
494	0.02613
495	0.0261259
496	0.026175
497	0.0261412
498	0.026104
499	0.0261118
500	0.026159
501	0.02617
502	0.0261221
503	0.0261409
504	0.02614
505	0.02617
506	0.0261381
507	0.0262289
508	0.026041
509	0.0261781
510	0.0261209
511	0.0261559
512	0.0261412
513	0.0261519
514	0.02615
515	0.0261719
516	0.0260911
517	0.0261381
518	0.0261779
519	0.02615
520	0.0261641
521	0.026087
522	0.0261779
523	0.0261471
524	0.02614
525	0.026206
526	0.0260539
527	0.0261481
528	0.0261719
529	0.0261362
530	0.0261338
531	0.02616
532	0.026149
533	0.0261362
534	0.0261369
535	0.026233
536	0.026062
537	0.026166
538	0.0261052
539	0.0261879
540	0.02614
541	0.0261152
542	0.0261679
543	0.0261111
544	0.0262148
545	0.026114
546	0.0261102
547	0.0261569
548	0.0261259
549	0.026175
550	0.026123
551	0.0261409
552	0.026144
553	0.0261571
554	0.0261559
555	0.026124
556	0.026195
557	0.026099
558	0.0261729
559	0.026123
560	0.026134
561	0.026175
562	0.0261221
563	0.0262129
564	0.026089
565	0.026119
566	0.0261641
567	0.026139
568	0.02614
569	0.0261409
570	0.0261581
571	0.0261979
572	0.026094
573	0.0261281
574	0.0261409
575	0.0261562
576	0.0261409
577	0.0261431
578	0.02614
579	0.0261378
580	0.02616
581	0.0261621
582	0.026171
583	0.026109
584	0.0261431
585	0.0261369
586	0.0261641
587	0.0261459
588	0.026278
589	0.026181
590	0.0259621
591	0.0261428
592	0.0261321
593	0.0261781
594	0.0261328
595	0.0261281
596	0.026139
597	0.0261519
598	0.0261731
599	0.0261509
600	0.026108
601	0.0261929
602	0.0261161
603	0.026159
604	0.0261819
605	0.026088
606	0.026149
607	0.0261409
608	0.0261331
609	0.026227
610	0.0260479
611	0.026185
612	0.0261381
613	0.02614
614	0.026089
615	0.0262041
616	0.02614
617	0.0261478
618	0.026154
619	0.0261261
620	0.026155
621	0.0261848
622	0.026078
623	0.0261402
624	0.026161
625	0.0261788
626	0.0261281
627	0.0261281
628	0.0261531
629	0.0261428
630	0.026129
631	0.0261631
632	0.0261199
633	0.0261559
634	0.026139
635	0.026145
636	0.0262032
637	0.0260739
638	0.02616
639	0.02616
640	0.0261531
641	0.026109
642	0.0261588
643	0.0261722
644	0.0261328
645	0.0261731
646	0.0261021
647	0.0261369
648	0.0262492
649	0.026094
650	0.026099
651	0.0261409
652	0.0261481
653	0.0261309
654	0.0262079
655	0.0261021
656	0.0261409
657	0.0262032
658	0.026063
659	0.026165
660	0.0261619
661	0.0261281
662	0.0261471
663	0.0261419
664	0.0261979
665	0.0260861
666	0.026139
667	0.0261271
668	0.0261869
669	0.0261319
670	0.0261741
671	0.026104
672	0.0261869
673	0.026154
674	0.026108
675	0.026257
676	0.0260329
677	0.0261841
678	0.0261221
679	0.0261259
680	0.0261309
681	0.0261731
682	0.02614
683	0.0261469
684	0.0261331
685	0.0262051
686	0.0260909
687	0.0261512
688	0.026139
689	0.0261478
690	0.026135
691	0.02616
692	0.02614
693	0.0261171
694	0.0261431
695	0.0262079
696	0.0261099
697	0.026154
698	0.0261281
699	0.0261409
700	0.0261672
701	0.0261428
702	0.0261471
703	0.0260949
704	0.0261731
705	0.0261309
706	0.02615
707	0.026144
708	0.0262339
709	0.0262382
710	0.0259769
711	0.02615
712	0.0261371
713	0.0261309
714	0.026149
715	0.0261478
716	0.0261772
717	0.0261309
718	0.0261531
719	0.0261569
720	0.0260911
721	0.0261419
722	0.026175
723	0.026139
724	0.026149
725	0.0261159
726	0.026159
727	0.0261581
728	0.0261219
729	0.0261512
730	0.02616
731	0.026165
732	0.0261309
733	0.0261149
734	0.026165
735	0.0261359
736	0.0261471
737	0.026129
738	0.0261481
739	0.0261579
740	0.0261359
741	0.0261412
742	0.0261719
743	0.0262029
744	0.026062
745	0.0261841
746	0.0261011
747	0.02616
748	0.0261388
749	0.0261512
750	0.0261779
751	0.026114
752	0.0261221
753	0.026166
754	0.026129
755	0.02614
756	0.0261509
757	0.026149
758	0.026171
759	0.0261211
760	0.0261369
761	0.026155
762	0.026145
763	0.0261471
764	0.0261309
765	0.0261672
766	0.026145
767	0.0261459
768	0.0261409
769	0.0261331
770	0.02614
771	0.0261731
772	0.0261269
773	0.0261371
774	0.0261419
775	0.0261471
776	0.0261559
777	0.026124
778	0.0261669
779	0.026145
780	0.0261481
781	0.026134
782	0.026135
783	0.0261409
784	0.02616
785	0.026135
786	0.02616
787	0.0261312
788	0.0263829
789	0.0259349
790	0.026119
791	0.0261362
792	0.0261669
793	0.0261941
794	0.026073
795	0.0261419
796	0.0262032
797	0.026191
798	0.026053
799	0.02614
800	0.0261819
801	0.0261071
802	0.02616
803	0.0261419
804	0.0262132
805	0.0260918
806	0.0261352
807	0.0261428
808	0.026129
809	0.0261431
810	0.0262139
811	0.0260952
812	0.026113
813	0.0261879
814	0.0261331
815	0.026125
816	0.0261519
817	0.0261481
818	0.026124
819	0.0261571
820	0.0261719
821	0.0261331
822	0.026134
823	0.0261328
824	0.0261521
825	0.026135
826	0.02619
827	0.026094
828	0.026181
829	0.0261159
830	0.0261412
831	0.02618
832	0.0261309
833	0.0261269
834	0.0261791
835	0.026176
836	0.0261061
837	0.026154
838	0.0261579
839	0.0261362
840	0.0261388
841	0.0261521
842	0.0261199
843	0.026125
844	0.0261412
845	0.0261688
846	0.0261481
847	0.026145
848	0.02613
849	0.0261521
850	0.026161
851	0.0261559
852	0.026119
853	0.026165
854	0.026094
855	0.02618
856	0.0261571
857	0.0261269
858	0.0261421
859	0.0261378
860	0.0261531
861	0.0261369
862	0.0261321
863	0.0261381
864	0.0261779
865	0.026124
866	0.0261581
867	0.02617
868	0.0261219
869	0.026139
870	0.026134
871	0.0261371
872	0.0261679
873	0.0261381
874	0.0261371
875	0.0261478
876	0.026139
877	0.026159
878	0.026134
879	0.026171
880	0.0261481
881	0.0261178
882	0.0261621
883	0.0261381
884	0.0261309
885	0.0261331
886	0.0261688
887	0.0261412
888	0.026118
889	0.0262408
890	0.026082
891	0.0261359
892	0.0261681
893	0.026145
894	0.026113
895	0.026144
896	0.026154
897	0.0261619
898	0.0261829
899	0.026144
900	0.0260861
901	0.0261569
902	0.026217
903	0.0260501
904	0.026166
905	0.0261281
906	0.0261531
907	0.0261309
908	0.0261719
909	0.0261261
910	0.0270529
911	0.02525
912	0.0261731
913	0.0261071
914	0.026139
915	0.0261409
916	0.026139
917	0.0261719
918	0.0261371
919	0.026125
920	0.0262599
921	0.02613
922	0.0260901
923	0.026135
924	0.026119
925	0.026139
926	0.02615
927	0.0262289
928	0.026072
929	0.0261559
930	0.026149
931	0.026135
932	0.0261712
933	0.0260868
934	0.0261731
935	0.026129
936	0.0262001
937	0.026088
938	0.0261419
939	0.026202
940	0.0261412
941	0.0261149
942	0.026118
943	0.0261409
944	0.026154
945	0.026145
946	0.0262411
947	0.0260379
948	0.026166
949	0.0261509
950	0.026144
951	0.0262029
952	0.026082
953	0.0261991
954	0.026077
955	0.0261459
956	0.026135
957	0.0261581
958	0.0261428
959	0.0261612
960	0.0261199
961	0.026226
962	0.0260689
963	0.0262051
964	0.026294
965	0.0259209
966	0.0261731
967	0.0261259
968	0.0261412
969	0.02615
970	0.0261629
971	0.02616
972	0.026109
973	0.026166
974	0.0261152
975	0.02617
976	0.0261278
977	0.0261691
978	0.0261509
979	0.026123
980	0.0261381
981	0.026161
982	0.02613
983	0.0261791
984	0.02614
985	0.0261149
986	0.026139
987	0.0261571
988	0.0261779
989	0.0261409
990	0.026104
991	0.0261431
992	0.0261521
993	0.026155
994	0.0261359
995	0.026159
996	0.0261359
997	0.026155
998	0.02614
999	0.026144
1000	0.0261371
1001	0.02616
1002	0.0261478
1003	0.0261381
1004	0.026145
1005	0.0262101
1006	0.0261269
1007	0.026099
1008	0.026144
1009	0.026129
1010	0.0261781
1011	0.0261309
1012	0.0261312
1013	0.0261278
1014	0.026155
1015	0.0261581
1016	0.0261519
1017	0.0261331
1018	0.0261171
1019	0.0261979
1020	0.026113
1021	0.0261331
1022	0.0261579
1023	0.0261631
1024	0.0261359
1025	0.0261531
1026	0.026123
1027	0.026176
1028	0.026119
1029	0.026166
1030	0.0261359
1031	0.0261111
1032	0.026159
1033	0.0261369
1034	0.0261521
1035	0.0261328
1036	0.026155
1037	0.026161
1038	0.0261321
1039	0.026134
1040	0.026181
1041	0.0261259
1042	0.0261681
1043	0.0261011
1044	0.0261428
1045	0.026165
1046	0.0261431
1047	0.02613
1048	0.026161
1049	0.026119
1050	0.02616
1051	0.0261421
1052	0.026166
1053	0.0261149
1054	0.026165
1055	0.02615
1056	0.0261381
1057	0.026149
1058	0.0261199
1059	0.026159
1060	0.0261469
1061	0.02615
1062	0.0261531
1063	0.0270069
1064	0.0252922
1065	0.026113
1066	0.026139
1067	0.0261419
1068	0.0261559
1069	0.0261722
1070	0.0261209
1071	0.0261531
1072	0.02615
1073	0.0261469
1074	0.0261312
1075	0.0261359
1076	0.0261669
1077	0.0261261
1078	0.0261409
1079	0.0261381
1080	0.0261588
1081	0.0261722
1082	0.026161
1083	0.0261121
1084	0.0261559
1085	0.026155
1086	0.0261459
1087	0.0260999
1088	0.0261731
1089	0.0261109
1090	0.02616
1091	0.0261371
1092	0.0261409
1093	0.0261421
1094	0.0261829
1095	0.026159
1096	0.0261209
1097	0.026123
1098	0.0261471
1099	0.026232
1100	0.026062
1101	0.026135
1102	0.0262029
1103	0.026123
1104	0.026114
1105	0.026139
1106	0.026139
1107	0.0261409
1108	0.02616
1109	0.026159
1110	0.0261419
1111	0.0261202
1112	0.0261588
1113	0.0264831
1114	0.0258231
1115	0.026108
1116	0.0261679
1117	0.0261309
1118	0.026195
1119	0.02617
1120	0.0261149
1121	0.026165
1122	0.026123
1123	0.026154
1124	0.026135
1125	0.026123
1126	0.0261281
1127	0.0261419
1128	0.0261431
1129	0.0261679
1130	0.0261412
1131	0.02613
1132	0.026154
1133	0.0261579
1134	0.026155
1135	0.0261171
1136	0.02614
1137	0.0261521
1138	0.0261538
1139	0.0261471
1140	0.026144
1141	0.02614
1142	0.0261381
1143	0.0261579
1144	0.026159
1145	0.026109
1146	0.02614
1147	0.026159
1148	0.0261741
1149	0.0261309
1150	0.0261159
1151	0.0261562
1152	0.0261788
1153	0.0261152
1154	0.0262139
1155	0.0260739
1156	0.0261421
1157	0.026227
1158	0.0260859
1159	0.0261092
1160	0.02614
1161	0.0261679
1162	0.0261312
1163	0.0261509
1164	0.02614
1165	0.026159
1166	0.0261519
1167	0.0261199
1168	0.02615
1169	0.0261312
1170	0.0261829
1171	0.0261281
1172	0.0261381
1173	0.0261328
1174	0.0261681
1175	0.0261691
1176	0.0261381
1177	0.0261068
1178	0.02617
1179	0.0261409
1180	0.026144
1181	0.0261431
1182	0.0261829
1183	0.0261281
1184	0.0261171
1185	0.026144
1186	0.02613
1187	0.0261691
1188	0.0261948
1189	0.026077
1190	0.026139
1191	0.026139
1192	0.0261672
1193	0.0261328
1194	0.02614
1195	0.026171
1196	0.026129
1197	0.0261402
1198	0.0261588
1199	0.02614
1200	0.02619
1201	0.026114
1202	0.0261171
1203	0.02614
1204	0.026165
1205	0.026139
1206	0.0261469
1207	0.0261312
1208	0.026139
1209	0.0261428
1210	0.0261581
1211	0.0261419
1212	0.02617
1213	0.0261302
1214	0.026161
1215	0.0261378
1216	0.0311482
1217	0.0211339
1218	0.0261559
1219	0.0261471
1220	0.026119
1221	0.0261381
1222	0.0261509
1223	0.0261509
1224	0.0261741
1225	0.026104
1226	0.026161
1227	0.0261309
1228	0.026149
1229	0.0261412
1230	0.0261388
1231	0.0261421
1232	0.026159
1233	0.0261528
1234	0.0261512
1235	0.026139
1236	0.0261369
1237	0.0261519
1238	0.026144
1239	0.0261302
1240	0.026135
1241	0.0261588
1242	0.0261431
1243	0.0261421
1244	0.0261369
1245	0.02616
1246	0.0261421
1247	0.02616
1248	0.0261209
1249	0.0261559
1250	0.0261412
1251	0.0261409
1252	0.0261519
1253	0.0261512
1254	0.0261469
1255	0.0261381
1256	0.026134
1257	0.0261378
1258	0.0261791
1259	0.026124
1260	0.0261381
1261	0.0261559
1262	0.0261281
1263	0.026155
1264	0.0261409
1265	0.02614
1266	0.0261931
1267	0.026109
1268	0.026149
1269	0.02613
1270	0.0261469
1271	0.0261412
1272	0.0262058
1273	0.0260911
1274	0.0261371
1275	0.0262039
1276	0.026104
1277	0.0261362
1278	0.0261648
1279	0.0261321
1280	0.0261381
1281	0.026171
1282	0.0261121
1283	0.0261409
1284	0.0261381
1285	0.0261719
1286	0.026129
1287	0.02614
1288	0.0261509
1289	0.026149
1290	0.026139
1291	0.0262251
1292	0.0260539
1293	0.0261569
1294	0.0261471
1295	0.0261509
1296	0.0261309
1297	0.026149
1298	0.0261562
1299	0.026165
1300	0.026109
1301	0.0261509
1302	0.026125
1303	0.0261619
1304	0.02616
1305	0.0261631
1306	0.0261221
1307	0.0261369
1308	0.02617
1309	0.0261121
1310	0.0262198
1311	0.0260301
1312	0.0261941
1313	0.0261559
1314	0.026129
1315	0.026134
1316	0.0261939
1317	0.0261021
1318	0.0261471
1319	0.0261359
1320	0.0262101
1321	0.026108
1322	0.0261199
1323	0.0261419
1324	0.0261559
1325	0.026144
1326	0.026139
1327	0.0261691
1328	0.0261259
1329	0.0261691
1330	0.0261359
1331	0.026139
1332	0.026129
1333	0.026145
1334	0.026155
1335	0.026134
1336	0.0261381
1337	0.02614
1338	0.0261731
1339	0.026171
1340	0.0260971
1341	0.0261378
1342	0.0261431
1343	0.0261681
1344	0.026176
1345	0.0261259
1346	0.026113
1347	0.026154
1348	0.02617
1349	0.026113
1350	0.026166
1351	0.0261419
1352	0.0261412
1353	0.0261288
1354	0.0261462
1355	0.0261469
1356	0.0261471
1357	0.026166
1358	0.0261099
1359	0.0261481
1360	0.0261691
1361	0.0261438
1362	0.0261271
1363	0.026139
1364	0.02614
1365	0.026165
1366	0.026135
1367	0.0261521
1368	0.0261979
1369	0.0261099
1370	0.026139
1371	0.0261359
1372	0.0261662
1373	0.0261259
1374	0.0261569
1375	0.0261691
1376	0.026098
1377	0.0261381
1378	0.0261519
1379	0.026181
1380	0.0260952
1381	0.0261478
1382	0.0261581
1383	0.02614
1384	0.0261791
1385	0.0261018
1386	0.0261202
1387	0.026289
1388	0.026037
1389	0.0261469
1390	0.026212
1391	0.0261161
1392	0.0261159
1393	0.026145
1394	0.026129
1395	0.0261312
1396	0.026185
1397	0.0261199
1398	0.0261359
1399	0.02614
1400	0.0261621
1401	0.0261478
1402	0.026129
1403	0.0261531
1404	0.0261319
1405	0.0261562
1406	0.0261738
1407	0.026134
1408	0.0261362
1409	0.0261679
1410	0.0261261
1411	0.0261488
1412	0.0261152
1413	0.02614
1414	0.0261679
1415	0.026155
1416	0.026123
1417	0.0261359
1418	0.026159
1419	0.026166
1420	0.0261421
1421	0.0261281
1422	0.0261459
1423	0.02615
1424	0.0261369
1425	0.0261581
1426	0.02613
1427	0.026145
1428	0.026139
1429	0.0261462
1430	0.02616
1431	0.02614
1432	0.026139
1433	0.026129
1434	0.0261569
1435	0.026135
1436	0.02616
1437	0.0261371
1438	0.026145
1439	0.026139
1440	0.0261588
1441	0.0261381
1442	0.02616
1443	0.0261259
1444	0.026232
1445	0.0260561
1446	0.026159
1447	0.0261371
1448	0.0261409
1449	0.0261629
1450	0.0261362
1451	0.0261309
1452	0.02614
1453	0.0262082
1454	0.0261128
1455	0.026139
1456	0.0261211
1457	0.026196
1458	0.026119
1459	0.0261619
1460	0.026103
1461	0.0261559
1462	0.0261462
1463	0.0262039
1464	0.0261099
1465	0.026135
1466	0.0261161
1467	0.0261779
1468	0.0261171
1469	0.0261769
1470	0.0261052
1471	0.0261579
1472	0.0261481
1473	0.026159
1474	0.0261168
1475	0.02615
1476	0.0261712
1477	0.0261338
1478	0.026149
1479	0.0261271
1480	0.026155
1481	0.026135
1482	0.026154
1483	0.026139
1484	0.026171
1485	0.026135
1486	0.0261209
1487	0.0261371
1488	0.0261669
1489	0.026134
1490	0.026139
1491	0.026144
1492	0.026181
1493	0.0261471
1494	0.026108
1495	0.0261669
1496	0.0261419
1497	0.026159
1498	0.026123
1499	0.02616
1500	0.0261221
1501	0.0261619
1502	0.0261509
1503	0.0261312
1504	0.0261269
1505	0.0261509
1506	0.0261281
1507	0.0261641
1508	0.0261559
1509	0.0261211
1510	0.0265169
1511	0.0258279
1512	0.0261252
1513	0.0261219
1514	0.026145
1515	0.0261521
1516	0.02617
1517	0.026103
1518	0.0261438
1519	0.02615
1520	0.0261571
1521	0.026171
1522	0.0265729
1523	0.025671
1524	0.026201
1525	0.0261061
1526	0.0261519
1527	0.0261769
1528	0.0261481
1529	0.026135
1530	0.0261312
1531	0.0261219
1532	0.0261412
1533	0.0315349
1534	0.020772
1535	0.0261531
1536	0.0261269
1537	0.0261431
1538	0.026159
1539	0.0261469
1540	0.02613
1541	0.0261312
1542	0.0261629
1543	0.02613
1544	0.0261531
1545	0.0261459
1546	0.026129
1547	0.0261412
1548	0.02615
1549	0.026145
1550	0.0261459
1551	0.026149
1552	0.02614
1553	0.0261469
1554	0.026175
1555	0.0261171
1556	0.026149
1557	0.0261381
1558	0.0261469
1559	0.0262151
1560	0.026077
1561	0.0261519
1562	0.026144
1563	0.026135
1564	0.0261581
1565	0.026129
1566	0.0261669
1567	0.026114
1568	0.02616
1569	0.02614
1570	0.0261731
1571	0.0261059
1572	0.02614
1573	0.02615
1574	0.0261509
1575	0.0261462
1576	0.0261369
1577	0.026161
1578	0.026227
1579	0.026057
1580	0.0261312
1581	0.0261519
1582	0.026149
1583	0.026159
1584	0.026124
1585	0.02614
1586	0.02618
1587	0.0261209
1588	0.026139
1589	0.0261421
1590	0.02613
1591	0.026196
1592	0.026134
1593	0.0261059
1594	0.0261631
1595	0.0261519
1596	0.026149
1597	0.026139
1598	0.026124
1599	0.026171
1600	0.0261471
1601	0.026125
1602	0.0261531
1603	0.0261648
1604	0.0261481
1605	0.026109
1606	0.0261521
1607	0.0261478
1608	0.0261312
1609	0.0261688
1610	0.0261331
1611	0.0261359
1612	0.0261431
1613	0.0261581
1614	0.0261559
1615	0.0261271
1616	0.0261369
1617	0.0261619
1618	0.0261862
1619	0.0261199
1620	0.0262048
1621	0.0260582
1622	0.0261509
1623	0.0261691
1624	0.0261109
1625	0.0261531
1626	0.0261459
1627	0.026171
1628	0.0261199
1629	0.0261321
1630	0.026139
1631	0.026197
1632	0.0261879
1633	0.0260582
1634	0.02614
1635	0.026181
1636	0.0261741
1637	0.0261319
1638	0.026119
1639	0.0261211
1640	0.0261509
1641	0.026166
1642	0.0261171
1643	0.0261419
1644	0.026161
1645	0.026145
1646	0.0261431
1647	0.026129
1648	0.0261641
1649	0.0261369
1650	0.02614
1651	0.0261421
1652	0.026154
1653	0.02615
1654	0.026175
1655	0.026165
1656	0.0260768
1657	0.0261571
1658	0.0261519
1659	0.026155
1660	0.026155
1661	0.0261021
1662	0.0261571
1663	0.0261319
1664	0.02615
1665	0.0261409
1666	0.0261581
1667	0.026139
1668	0.0261419
1669	0.0261412
1670	0.0261519
1671	0.026175
1672	0.0261121
1673	0.0261419
1674	0.026212
1675	0.0277061
1676	0.0245528
1677	0.026118
1678	0.026129
1679	0.0261431
1680	0.0261569
1681	0.0261471
1682	0.026149
1683	0.0261419
1684	0.0261421
1685	0.026149
1686	0.0261259
1687	0.0261531
1688	0.0261698
1689	0.0261281
1690	0.0260952
1691	0.026181
1692	0.0261879
1693	0.0261371
1694	0.0261359
1695	0.026119
1696	0.0261409
1697	0.026166
1698	0.0261371
1699	0.0261481
1700	0.0261278
1701	0.0261402
1702	0.0261719
1703	0.0261619
1704	0.0261171
1705	0.0261309
1706	0.0261831
1707	0.0261359
1708	0.0261309
1709	0.0261331
1710	0.0261559
1711	0.0261471
1712	0.0261669
1713	0.0261099
1714	0.026175
1715	0.026123
1716	0.0261831
1717	0.02614
1718	0.0260999
1719	0.0261569
1720	0.0261481
1721	0.026155
1722	0.026124
1723	0.026135
1724	0.0261581
1725	0.0261431
1726	0.026166
1727	0.0261159
1728	0.0266151
1729	0.0257239
1730	0.0261121
1731	0.0261619
1732	0.026108
1733	0.026155
1734	0.0261428
1735	0.0261481
1736	0.0261331
1737	0.0261579
1738	0.026139
1739	0.0261412
1740	0.0261679
1741	0.0261881
1742	0.026098
1743	0.0261519
1744	0.02613
1745	0.0261941
1746	0.0261021
1747	0.026202
1748	0.0260859
1749	0.0261412
1750	0.026161
1751	0.026139
1752	0.026195
1753	0.0260899
1754	0.026134
1755	0.026155
1756	0.0261369
1757	0.0261352
1758	0.026161
1759	0.0261559
1760	0.026155
1761	0.0261619
1762	0.0260952
1763	0.0261819
1764	0.026129
1765	0.0261369
1766	0.0261142
1767	0.026166
1768	0.0261509
1769	0.0261519
1770	0.0261462
1771	0.0261419
1772	0.026134
1773	0.0261791
1774	0.0261159
1775	0.0261571
1776	0.0261359
1777	0.026144
1778	0.0261579
1779	0.0261252
1780	0.0261319
1781	0.0262001
1782	0.0261021
1783	0.026175
1784	0.026129
1785	0.026109
1786	0.0261829
1787	0.0261531
1788	0.0261059
1789	0.0261621
1790	0.0261528
1791	0.0261331
1792	0.026135
1793	0.0261719
1794	0.026123
1795	0.0261571
1796	0.0261269
1797	0.026155
1798	0.0261521
1799	0.0261369
1800	0.026159
1801	0.0261469
1802	0.0261121
1803	0.0261869
1804	0.026165
1805	0.0261421
1806	0.026124
1807	0.0261729
1808	0.026118
1809	0.0261321
1810	0.026124
1811	0.0261519
1812	0.0261459
1813	0.026154
1814	0.0261381
1815	0.0261409
1816	0.0261312
1817	0.02618
1818	0.0261178
1819	0.02614
1820	0.0261571
1821	0.02614
1822	0.026139
1823	0.0261531
1824	0.0261278
1825	0.0261641
1826	0.026159
1827	0.0261528
1828	0.02617
1829	0.026134
1830	0.026108
1831	0.026181
1832	0.0261061
1833	0.0261281
1834	0.0261528
1835	0.02617
1836	0.0261199
1837	0.026149
1838	0.0261371
1839	0.0261519
1840	0.0261431
1841	0.0261381
1842	0.0261159
1843	0.0261869
1844	0.026139
1845	0.02617
1846	0.02613
1847	0.0261371
1848	0.0261431
1849	0.02614
1850	0.0261378
1851	0.0261462
1852	0.0261559
1853	0.02614
1854	0.0261469
1855	0.0261562
1856	0.026119
1857	0.026166
1858	0.026139
1859	0.026135
1860	0.026154
1861	0.02614
1862	0.0261428
1863	0.026144
1864	0.0261362
1865	0.0261528
1866	0.02617
1867	0.02614
1868	0.0262032
1869	0.0260539
1870	0.0261719
1871	0.0261321
1872	0.0261371
1873	0.0261478
1874	0.0262051
1875	0.0260849
1876	0.026145
1877	0.0261421
1878	0.0261459
1879	0.026149
1880	0.026171
1881	0.026113
1882	0.0261619
1883	0.0261631
1884	0.0261569
1885	0.0261152
1886	0.0261269
1887	0.0261362
1888	0.0261588
1889	0.0261631
1890	0.026129
1891	0.026129
1892	0.0261679
1893	0.0261362
1894	0.026139
1895	0.0261428
1896	0.026139
1897	0.02616
1898	0.0261471
1899	0.0261359
1900	0.0261691
1901	0.0261569
1902	0.026108
1903	0.026144
1904	0.0261419
1905	0.0261581
1906	0.0261421
1907	0.0261769
1908	0.026114
1909	0.026123
1910	0.026176
1911	0.02614
1912	0.026149
1913	0.026119
1914	0.026144
1915	0.026166
1916	0.0261309
1917	0.026145
1918	0.0261371
1919	0.026161
1920	0.0261919
1921	0.0261121
1922	0.026135
1923	0.0261619
1924	0.0261431
1925	0.0261161
1926	0.0261388
1927	0.026154
1928	0.026155
1929	0.0261321
1930	0.02614
1931	0.02614
1932	0.0261559
1933	0.02614
1934	0.0261662
1935	0.0261388
1936	0.0261211
1937	0.026165
1938	0.0261619
1939	0.0261221
1940	0.02613
1941	0.02616
1942	0.02616
1943	0.0261531
1944	0.0261159
1945	0.0261431
1946	0.026165
1947	0.0261569
1948	0.026109
1949	0.02614
1950	0.026171
1951	0.026129
1952	0.0261512
1953	0.0261488
1954	0.026139
1955	0.026139
1956	0.0261521
1957	0.026129
1958	0.0261719
1959	0.026144
1960	0.0261431
1961	0.026206
1962	0.026063
1963	0.0261619
1964	0.0261281
1965	0.0261641
1966	0.0261269
1967	0.026135
1968	0.0261681
1969	0.0262179
1970	0.0260739
1971	0.0261211
1972	0.0261579
1973	0.026139
1974	0.0261421
1975	0.0261509
1976	0.02613
1977	0.0261559
1978	0.026144
1979	0.02616
1980	0.0261531
1981	0.026469
1982	0.025805
1983	0.02614
1984	0.0261359
1985	0.0261581
1986	0.026135
1987	0.0261672
1988	0.026119
1989	0.0261378
1990	0.0261571
1991	0.026145
1992	0.026145
1993	0.0261319
1994	0.0261662
1995	0.0261388
1996	0.0261381
1997	0.026154
1998	0.0261171
1999	0.0261779
2000	0.026129
2001	0.026144
2002	0.0261359
2003	0.02617
2004	0.0261431
2005	0.0261321
2006	0.0261378
2007	0.0261421
2008	0.02616
2009	0.02614
2010	0.026139
2011	0.0261378
2012	0.0261631
2013	0.0261409
2014	0.026135
2015	0.0261452
2016	0.0261388
2017	0.0261562
2018	0.02614
2019	0.0261469
2020	0.026161
2021	0.0261512
2022	0.0261378
2023	0.0261412
2024	0.026149
2025	0.02615
2026	0.0262249
2027	0.0260601
2028	0.0261409
2029	0.026139
2030	0.0261581
2031	0.0261488
2032	0.0261302
2033	0.0261359
2034	0.0261619
2035	0.02616
2036	0.026314
2037	0.025943
2038	0.0261509
2039	0.0261571
2040	0.0261459
2041	0.0261271
2042	0.0261359
2043	0.0261581
2044	0.0261469
2045	0.026135
2046	0.0261381
2047	0.026144
2048	0.0261519
2049	0.026149
2050	0.0261569
2051	0.026155
2052	0.0261421
2053	0.02615
2054	0.0261519
2055	0.0261252
2056	0.0261319
2057	0.0261631
2058	0.026139
2059	0.0261319
2060	0.02613
2061	0.0261791
2062	0.026119
2063	0.0261521
2064	0.0261569
2065	0.0261509
2066	0.0262001
2067	0.026082
2068	0.026135
2069	0.0261469
2070	0.0261481
2071	0.026144
2072	0.02614
2073	0.026145
2074	0.0261769
2075	0.026124
2076	0.0261421
2077	0.026144
2078	0.0261269
2079	0.0261781
2080	0.0261269
2081	0.0261312
2082	0.0261478
2083	0.0261631
2084	0.026129
2085	0.0261409
2086	0.026144
2087	0.0261641
2088	0.0261779
2089	0.0261221
2090	0.026123
2091	0.026144
2092	0.02616
2093	0.026135
2094	0.0261419
2095	0.026144
2096	0.02617
2097	0.0261171
2098	0.02613
2099	0.02614
2100	0.026166
2101	0.026134
2102	0.02614
2103	0.02615
2104	0.026159
2105	0.02613
2106	0.026144
2107	0.0261621
2108	0.0261269
2109	0.0261581
2110	0.026145
2111	0.026129
2112	0.02614
2113	0.0261629
2114	0.0261581
2115	0.026118
2116	0.0261431
2117	0.026139
2118	0.02614
2119	0.0261848
2120	0.026118
2121	0.0261381
2122	0.0261531
2123	0.0261478
2124	0.026139
2125	0.026145
2126	0.0261481
2127	0.0261569
2128	0.0263221
2129	0.0260451
2130	0.0261199
2131	0.026149
2132	0.0260968
2133	0.026124
2134	0.0267692
2135	0.0255389
2136	0.0261371
2137	0.0261338
2138	0.0261662
2139	0.0261178
2140	0.0261421
2141	0.0261581
2142	0.0261559
2143	0.026114
2144	0.0261528
2145	0.0261371
2146	0.026149
2147	0.0261769
2148	0.026109
2149	0.026145
2150	0.02616
2151	0.02618
2152	0.0260999
2153	0.0261581
2154	0.026159
2155	0.02615
2156	0.0261431
2157	0.026124
2158	0.0261478
2159	0.026125
2160	0.0261512
2161	0.026145
2162	0.026166
2163	0.026118
2164	0.026149
2165	0.0261588
2166	0.0261462
2167	0.02614
2168	0.026135
2169	0.0261381
2170	0.026145
2171	0.026144
2172	0.0261688
2173	0.0261731
2174	0.0260949
2175	0.0261371
2176	0.026212
2177	0.026098
2178	0.02613
2179	0.02617
2180	0.026145
2181	0.0261259
2182	0.0261712
2183	0.0261178
2184	0.026159
2185	0.026159
2186	0.026113
2187	0.0261629
2188	0.0261312
2189	0.0261779
2190	0.0261102
2191	0.0261619
2192	0.026118
2193	0.0261519
2194	0.0261631
2195	0.0261478
2196	0.026118
2197	0.02617
2198	0.026129
2199	0.026165
2200	0.026118
2201	0.026139
2202	0.0261431
2203	0.0262258
2204	0.026113
2205	0.026159
2206	0.026145
2207	0.0261431
2208	0.0261331
2209	0.0261009
2210	0.02615
2211	0.0261481
2212	0.026139
2213	0.0261588
2214	0.0261562
2215	0.026135
2216	0.0261741
2217	0.0261009
2218	0.0261519
2219	0.0261312
2220	0.0261869
2221	0.026123
2222	0.026149
2223	0.0261309
2224	0.026149
2225	0.0261409
2226	0.0261381
2227	0.0261719
2228	0.026109
2229	0.026159
2230	0.0261362
2231	0.026166
2232	0.0261378
2233	0.0261302
2234	0.026196
2235	0.0261168
2236	0.02614
2237	0.0261381
2238	0.0261481
2239	0.02615
2240	0.02613
2241	0.0261459
2242	0.0261621
2243	0.0261488
2244	0.0261161
2245	0.026155
2246	0.026134
2247	0.026181
2248	0.026144
2249	0.0261259
2250	0.0261321
2251	0.026135
2252	0.026186
2253	0.0261149
2254	0.026144
2255	0.0261409
2256	0.0261631
2257	0.026161
2258	0.026129
2259	0.02613
2260	0.0261509
2261	0.0261452
2262	0.0261679
2263	0.0261281
2264	0.026119
2265	0.0261769
2266	0.026161
2267	0.0261071
2268	0.0261569
2269	0.026144
2270	0.0261362
2271	0.026149
2272	0.02613
2273	0.026149
2274	0.0261588
2275	0.026144
2276	0.026149
2277	0.026119
2278	0.026171
2279	0.026154
2280	0.026125
2281	0.0261521
2282	0.0261679
2283	0.02615
2284	0.026098
2285	0.026144
2286	0.0261521
2287	0.026166
2288	0.0261369
2289	0.0261321
2290	0.0261679
2291	0.026145
2292	0.026129
2293	0.02615
2294	0.026124
2295	0.0261681
2296	0.0261271
2297	0.026161
2298	0.026124
2299	0.026144
2300	0.0262039
2301	0.026089
2302	0.026222
2303	0.026072
2304	0.026237
2305	0.0261111
2306	0.0261638
2307	0.0260561
2308	0.0261559
2309	0.0261571
2310	0.026135
2311	0.0261321
2312	0.026139
2313	0.0261638
2314	0.0261481
2315	0.02613
2316	0.026144
2317	0.0261419
2318	0.0261512
2319	0.026175
2320	0.026119
2321	0.026129
2322	0.0261588
2323	0.0261402
2324	0.0261519
2325	0.026226
2326	0.0261049
2327	0.026114
2328	0.026139
2329	0.026197
2330	0.026083
2331	0.0261462
2332	0.0261419
2333	0.0261381
2334	0.0261569
2335	0.0261271
2336	0.026159
2337	0.0261619
2338	0.026119
2339	0.02614
2340	0.026161
2341	0.026134
2342	0.0261531
2343	0.0262139
2344	0.0261011
2345	0.0261059
2346	0.026166
2347	0.026134
2348	0.026155
2349	0.0261512
2350	0.02616
2351	0.026118
2352	0.0261338
2353	0.0261621
2354	0.026206
2355	0.026077
2356	0.026129
2357	0.0261409
2358	0.0261691
2359	0.0261719
2360	0.026134
2361	0.0261059
2362	0.0261681
2363	0.026195
2364	0.0260999
2365	0.0261121
2366	0.0261559
2367	0.0261919
2368	0.026094
2369	0.0261412
2370	0.02616
2371	0.0261619
2372	0.026159
2373	0.0261199
2374	0.02614
2375	0.026123
2376	0.026166
2377	0.0261521
2378	0.0261209
2379	0.026144
2380	0.026181
2381	0.026145
2382	0.0261209
2383	0.026159
2384	0.0261111
2385	0.026176
2386	0.026145
2387	0.0261691
2388	0.02613
2389	0.026118
2390	0.0261428
2391	0.026149
2392	0.0261421
2393	0.0261469
2394	0.02617
2395	0.0261111
2396	0.0261509
2397	0.026161
2398	0.0261409
2399	0.0261271
2400	0.0261409
2401	0.026154
2402	0.0261791
2403	0.026119
2404	0.0261519
2405	0.026166
2406	0.026109
2407	0.0261421
2408	0.0262649
2409	0.02596
2410	0.0262361
2411	0.026129
2412	0.026161
2413	0.0261121
2414	0.0261381
2415	0.0261509
2416	0.02615
2417	0.026161
2418	0.0261312
2419	0.0261579
2420	0.02616
2421	0.026165
2422	0.0260861
2423	0.0261528
2424	0.0261841
2425	0.0261321
2426	0.0261459
2427	0.0261059
2428	0.0261371
2429	0.0262089
2430	0.0260961
2431	0.02617
2432	0.026113
2433	0.026186
2434	0.026129
2435	0.026139
2436	0.0261409
2437	0.0261319
2438	0.0261471
2439	0.0261519
2440	0.0265231
2441	0.025769
2442	0.0261509
2443	0.0261691
2444	0.026134
2445	0.0261071
2446	0.0261388
2447	0.02619
2448	0.02616
2449	0.0260911
2450	0.0261509
2451	0.026155
2452	0.026145
2453	0.0261381
2454	0.0261419
2455	0.02617
2456	0.026129
2457	0.0261781
2458	0.026104
2459	0.0261629
2460	0.0261471
2461	0.0261209
2462	0.0261381
2463	0.026175
2464	0.02616
2465	0.0261259
2466	0.0261261
2467	0.02617
2468	0.0261228
2469	0.026154
2470	0.026129
2471	0.026118
2472	0.026201
2473	0.0261471
2474	0.0261438
2475	0.026149
2476	0.026125
2477	0.0261452
2478	0.02616
2479	0.0261488
2480	0.026134
2481	0.026129
2482	0.02617
2483	0.0261312
2484	0.0261378
2485	0.02614
2486	0.0261571
2487	0.0261469
2488	0.026139
2489	0.02614
2490	0.02615
2491	0.02619
2492	0.0261431
2493	0.027648
2494	0.0246339
2495	0.0261402
2496	0.026155
2497	0.0261118
2498	0.026135
2499	0.026118
2500	0.02617
2501	0.026145
2502	0.0261462
2503	0.0261469
2504	0.026134
2505	0.0261359
2506	0.0261462
2507	0.02614
2508	0.026144
2509	0.0261738
2510	0.0261412
2511	0.0261228
2512	0.0261421
2513	0.026185
2514	0.026114
2515	0.0261369
2516	0.0261521
2517	0.0261719
2518	0.0261209
2519	0.0261381
2520	0.0261621
2521	0.0261199
2522	0.02616
2523	0.0261331
2524	0.0261538
2525	0.0261381
2526	0.0261509
2527	0.0261371
2528	0.0261431
2529	0.0261478
2530	0.0261331
2531	0.0261819
2532	0.026139
2533	0.0261221
2534	0.0261378
2535	0.0261762
2536	0.026124
2537	0.0261528
2538	0.02613
2539	0.0261381
2540	0.026165
2541	0.0261421
2542	0.0261338
2543	0.02615
2544	0.0261521
2545	0.026139
2546	0.026154
2547	0.0261259
2548	0.026159
2549	0.0261431
2550	0.026161
2551	0.026123
2552	0.0261469
2553	0.0261481
2554	0.026139
2555	0.0261779
2556	0.0261149
2557	0.026149
2558	0.026145
2559	0.0261381
2560	0.0261381
2561	0.02614
2562	0.0261619
2563	0.0261521
2564	0.02613
2565	0.0261469
2566	0.0261672
2567	0.0261309
2568	0.0261381
2569	0.02613
2570	0.0261381
2571	0.0261748
2572	0.0261271
2573	0.02614
2574	0.0261559
2575	0.0261581
2576	0.0261259
2577	0.026144
2578	0.0261531
2579	0.0261259
2580	0.0261621
2581	0.026134
2582	0.0261488
2583	0.026139
2584	0.02616
2585	0.0261621
2586	0.0261159
2587	0.0261331
2588	0.0261509
2589	0.026166
2590	0.0261331
2591	0.0261409
2592	0.026135
2593	0.0261722
2594	0.0261381
2595	0.0261719
2596	0.0260999
2597	0.026166
2598	0.0261371
2599	0.02614
2600	0.02614
2601	0.026166
2602	0.02613
2603	0.026145
2604	0.026139
2605	0.026145
2606	0.0261512
2607	0.026145
2608	0.0261428
2609	0.026134
2610	0.0261521
2611	0.0261679
2612	0.0261381
2613	0.0261359
2614	0.0261412
2615	0.026165
2616	0.0261328
2617	0.0261362
2618	0.026145
2619	0.0261369
2620	0.0261772
2621	0.026114
2622	0.0261559
2623	0.0261419
2624	0.026155
2625	0.0261271
2626	0.026149
2627	0.0261359
2628	0.0261559
2629	0.0261381
2630	0.0261459
2631	0.026165
2632	0.0261281
2633	0.0261521
2634	0.0261579
2635	0.0261381
2636	0.0261431
2637	0.026161
2638	0.0261149
2639	0.026155
2640	0.0261409
2641	0.0261331
2642	0.026149
2643	0.0261559
2644	0.0261281
2645	0.0261581
2646	0.0261409
2647	0.026175
2648	0.026134
2649	0.026113
2650	0.0261509
2651	0.026144
2652	0.0261419
2653	0.0261881
2654	0.026104
2655	0.026165
2656	0.026129
2657	0.02615
2658	0.0261459
2659	0.026149
2660	0.026139
2661	0.026134
2662	0.0261409
2663	0.0261431
2664	0.0261569
2665	0.02614
2666	0.0261412
2667	0.0261519
2668	0.0261519
2669	0.0261431
2670	0.0261571
2671	0.0261259
2672	0.0261319
2673	0.0261681
2674	0.026135
2675	0.026139
2676	0.0261381
2677	0.026155
2678	0.0261409
2679	0.0261459
2680	0.02614
2681	0.026165
2682	0.026139
2683	0.02616
2684	0.026114
2685	0.0261421
2686	0.026175
2687	0.0261381
2688	0.0261219
2689	0.026171
2690	0.0261521
2691	0.026129
2692	0.0261409
2693	0.026149
2694	0.0261259
2695	0.0261571
2696	0.02614
2697	0.0261478
2698	0.0261352
2699	0.0261528
2700	0.026144
2701	0.0261471
2702	0.0261359
2703	0.0261409
2704	0.02618
2705	0.0261121
2706	0.026149
2707	0.026135
2708	0.0261829
2709	0.02614
2710	0.0261312
2711	0.0261369
2712	0.026144
2713	0.02617
2714	0.0261381
2715	0.026427
2716	0.0258539
2717	0.0261521
2718	0.0261569
2719	0.026125
2720	0.0261421
2721	0.02614
2722	0.0261569
2723	0.0261481
2724	0.0261369
2725	0.0261371
2726	0.0261679
2727	0.0261302
2728	0.0261848
2729	0.0260992
2730	0.0261579
2731	0.0261481
2732	0.0261269
2733	0.02615
2734	0.0261371
2735	0.026159
2736	0.0261419
2737	0.0261371
2738	0.02615
2739	0.0261569
2740	0.026139
2741	0.0261431
2742	0.0261641
2743	0.0261128
2744	0.0261562
2745	0.026135
2746	0.0262001
2747	0.026104
2748	0.0261328
2749	0.0261462
2750	0.0261459
2751	0.0261331
2752	0.0261359
2753	0.0261569
2754	0.0261641
2755	0.0261481
2756	0.0261209
2757	0.0261571
2758	0.0261359
2759	0.0261519
2760	0.0261271
2761	0.02617
2762	0.026134
2763	0.026139
2764	0.0261419
2765	0.0261481
2766	0.026155
2767	0.026149
2768	0.0261459
2769	0.0261149
2770	0.026165
2771	0.026129
2772	0.0261431
2773	0.0261641
2774	0.0261331
2775	0.0261419
2776	0.026145
2777	0.0261421
2778	0.0261538
2779	0.0261571
2780	0.0261481
2781	0.02614
2782	0.0261178
2783	0.0261402
2784	0.0261829
2785	0.0261459
2786	0.026129
2787	0.026144
2788	0.0261471
2789	0.0261488
2790	0.0261221
2791	0.02614
2792	0.0261722
2793	0.0261378
2794	0.0261312
2795	0.0261469
2796	0.026206
2797	0.0261071
2798	0.026134
2799	0.0261228
2800	0.026145
2801	0.02619
2802	0.026119
2803	0.0261312
2804	0.02616
2805	0.02614
2806	0.0261369
2807	0.0261731
2808	0.026113
2809	0.0261378
2810	0.0261672
2811	0.0261469
2812	0.026129
2813	0.0261681
2814	0.026109
2815	0.026161
2816	0.0261669
2817	0.0261302
2818	0.0261338
2819	0.02617
2820	0.0261211
2821	0.0261381
2822	0.0261378
2823	0.026175
2824	0.0261509
2825	0.0261171
2826	0.0261481
2827	0.0261319
2828	0.02618
2829	0.0261211
2830	0.0261769
2831	0.026108
2832	0.026155
2833	0.02614
2834	0.026185
2835	0.02613
2836	0.026134
2837	0.026135
2838	0.0261569
2839	0.0261521
2840	0.0261109
2841	0.0261672
2842	0.026161
2843	0.02617
2844	0.0261309
2845	0.026134
2846	0.026171
2847	0.026119
2848	0.0261199
2849	0.026134
2850	0.0261741
2851	0.0261381
2852	0.0261369
2853	0.026154
2854	0.026155
2855	0.0261431
2856	0.026108
2857	0.0261641
2858	0.026145
2859	0.0261478
2860	0.026144
2861	0.0261509
2862	0.0261271
2863	0.0261619
2864	0.0262051
2865	0.0260801
2866	0.0261359
2867	0.0261409
2868	0.0261641
2869	0.026135
2870	0.026144
2871	0.0261381
2872	0.026155
2873	0.0261409
2874	0.0261309
2875	0.0261621
2876	0.0261319
2877	0.0261481
2878	0.02615
2879	0.026124
2880	0.0261459
2881	0.0261581
2882	0.0261369
2883	0.0261512
2884	0.0261328
2885	0.0261612
2886	0.0261419
2887	0.02616
2888	0.0261569
2889	0.0261252
2890	0.0261409
2891	0.0261431
2892	0.0261309
2893	0.026185
2894	0.026134
2895	0.026124
2896	0.0261381
2897	0.026145
2898	0.026135
2899	0.0261979
2900	0.0261359
2901	0.0262041
2902	0.0260589
2903	0.0261581
2904	0.02613
2905	0.026139
2906	0.0261309
2907	0.026165
2908	0.02617
2909	0.0261512
2910	0.026119
2911	0.026145
2912	0.0261359
2913	0.0261469
2914	0.026139
2915	0.026134
2916	0.0261531
2917	0.0261619
2918	0.02614
2919	0.0261352
2920	0.0261328
2921	0.0261581
2922	0.0261641
2923	0.0261259
2924	0.0261409
2925	0.026154
2926	0.0261459
2927	0.0261331
2928	0.0261791
2929	0.0261171
2930	0.0261569
2931	0.026139
2932	0.0261989
2933	0.026088
2934	0.0261421
2935	0.0261519
2936	0.0261571
2937	0.0261209
2938	0.026155
2939	0.0261621
2940	0.0261228
2941	0.0261421
2942	0.0261309
2943	0.02616
2944	0.0261381
2945	0.026165
2946	0.0261171
2947	0.026145
2948	0.0261538
2949	0.0261421
2950	0.026139
2951	0.0261509
2952	0.0261521
2953	0.0261388
2954	0.0261571
2955	0.0261219
2956	0.0261531
2957	0.02617
2958	0.0261199
2959	0.026134
2960	0.026155
2961	0.026139
2962	0.0261621
2963	0.0261278
2964	0.026144
2965	0.0261571
2966	0.02613
2967	0.0261378
2968	0.0261772
2969	0.0261159
2970	0.0261919
2971	0.026119
2972	0.026129
2973	0.02615
2974	0.026149
2975	0.0261421
2976	0.026155
2977	0.0261381
2978	0.0261269
2979	0.02619
2980	0.026123
2981	0.0261629
2982	0.0261052
2983	0.0261619
2984	0.0261509
2985	0.0261321
2986	0.0261359
2987	0.0261481
2988	0.0261691
2989	0.0261228
2990	0.02614
2991	0.0261621
2992	0.0261459
2993	0.026149
2994	0.026125
2995	0.026165
2996	0.026134
2997	0.02614
2998	0.0261421
2999	0.0261719
3000	0.0261071
3001	0.0261588
3002	0.0261631
3003	0.026109
3004	0.02615
3005	0.026159
3006	0.0261381
3007	0.0261688
3008	0.0261252
3009	0.0261409
3010	0.0261509
3011	0.026135
3012	0.0261431
3013	0.02614
3014	0.0261719
3015	0.026159
3016	0.0261312
3017	0.026114
3018	0.0261619
3019	0.0261431
3020	0.02616
3021	0.0261269
3022	0.0261331
3023	0.02616
3024	0.026161
3025	0.02616
3026	0.026099
3027	0.02618
3028	0.0261621
3029	0.0261109
3030	0.0261471
3031	0.026191
3032	0.0261099
3033	0.0261319
3034	0.0261431
3035	0.0261281
3036	0.0261719
3037	0.026159
3038	0.026108
3039	0.0261409
3040	0.026129
3041	0.0261781
3042	0.0261619
3043	0.0261209
3044	0.0261371
3045	0.026171
3046	0.026123
3047	0.026139
3048	0.02616
3049	0.0261509
3050	0.026135
3051	0.026165
3052	0.026123
3053	0.02615
3054	0.0261321
3055	0.0261889
3056	0.0261171
3057	0.026135
3058	0.026171
3059	0.0261581
3060	0.0261478
3061	0.0260961
3062	0.026129
3063	0.0261729
3064	0.026155
3065	0.0261312
3066	0.0261199
3067	0.0261631
3068	0.0261579
3069	0.026154
3070	0.0261369
3071	0.026154
3072	0.0261481
3073	0.0261209
3074	0.0261571
3075	0.0261259
3076	0.0261559
3077	0.0261362
3078	0.026134
3079	0.026145
3080	0.0261359
3081	0.02616
3082	0.0263841
3083	0.025923
3084	0.026114
3085	0.0261588
3086	0.026144
3087	0.0261362
3088	0.0261409
3089	0.02614
3090	0.0261631
3091	0.0262198
3092	0.026067
3093	0.026125
3094	0.0262132
3095	0.0261109
3096	0.0261211
3097	0.026161
3098	0.0261729
3099	0.026125
3100	0.0261731
3101	0.026087
3102	0.026166
3103	0.0261559
3104	0.026149
3105	0.0261159
3106	0.0261621
3107	0.026149
3108	0.0261369
3109	0.02615
3110	0.026139
3111	0.026134
3112	0.0261631
3113	0.0261559
3114	0.0261219
3115	0.0261362
3116	0.026159
3117	0.0261419
3118	0.0261431
3119	0.0261428
3120	0.0261402
3121	0.0261629
3122	0.0261312
3123	0.0261538
3124	0.0261362
3125	0.0261688
3126	0.0261462
3127	0.0261219
3128	0.0261481
3129	0.0261631
3130	0.0262039
3131	0.0260651
3132	0.0261569
3133	0.0261309
3134	0.0262082
3135	0.026099
3136	0.0261121
3137	0.026171
3138	0.0261459
3139	0.0261199
3140	0.0261681
3141	0.026114
3142	0.026154
3143	0.0262148
3144	0.026077
3145	0.0261321
3146	0.0261769
3147	0.026134
3148	0.0261619
3149	0.0261111
3150	0.02615
3151	0.0261469
3152	0.026161
3153	0.0261331
3154	0.0261371
3155	0.0261378
3156	0.0261531
3157	0.026139
3158	0.0261419
3159	0.026154
3160	0.026145
3161	0.0261412
3162	0.0261519
3163	0.026149
3164	0.0261259
3165	0.0261641
3166	0.0261321
3167	0.02617
3168	0.0261419
3169	0.0261459
3170	0.028085
3171	0.0241971
3172	0.0261371
3173	0.0261378
3174	0.0261722
3175	0.0261569
3176	0.026118
3177	0.026144
3178	0.0261669
3179	0.0261321
3180	0.0261428
3181	0.0263751
3182	0.025944
3183	0.026129
3184	0.0261459
3185	0.026129
3186	0.02613
3187	0.0261762
3188	0.02613
3189	0.0261278
3190	0.026149
3191	0.0261271
3192	0.0261469
3193	0.0261531
3194	0.0261359
3195	0.026139
3196	0.0261631
3197	0.026176
3198	0.0261021
3199	0.0261419
3200	0.0261581
3201	0.0261519
3202	0.0261281
3203	0.0261409
3204	0.0261421
3205	0.0261929
3206	0.026108
3207	0.026161
3208	0.0261271
3209	0.026186
3210	0.026123
3211	0.0261209
3212	0.0261409
3213	0.0261431
3214	0.026155
3215	0.0261421
3216	0.0261359
3217	0.0261509
3218	0.0261571
3219	0.026135
3220	0.02616
3221	0.026134
3222	0.0261359
3223	0.0261509
3224	0.026144
3225	0.0261381
3226	0.0261409
3227	0.0261571
3228	0.02614
3229	0.0261428
3230	0.026139
3231	0.0261691
3232	0.0261459
3233	0.026124
3234	0.0261421
3235	0.0261369
3236	0.0261672
3237	0.026139
3238	0.0261409
3239	0.026134
3240	0.026161
3241	0.02614
3242	0.0261421
3243	0.0261478
3244	0.0261672
3245	0.0261409
3246	0.0261281
3247	0.0261359
3248	0.0261419
3249	0.0261581
3250	0.0261421
3251	0.0261419
3252	0.02614
3253	0.0261421
3254	0.0261588
3255	0.0261462
3256	0.026227
3257	0.026047
3258	0.026145
3259	0.0261481
3260	0.0261779
3261	0.026123
3262	0.026139
3263	0.0261719
3264	0.0261359
3265	0.0261521
3266	0.0261309
3267	0.0261362
3268	0.0261388
3269	0.026134
3270	0.026149
3271	0.0261581
3272	0.026139
3273	0.0261409
3274	0.0261471
3275	0.0261459
3276	0.026149
3277	0.02614
3278	0.026161
3279	0.0261199
3280	0.0261581
3281	0.02613
3282	0.0261769
3283	0.026129
3284	0.0261362
3285	0.0261638
3286	0.0261641
3287	0.0261049
3288	0.0261381
3289	0.0261891
3290	0.026108
3291	0.0261438
3292	0.0261912
3293	0.026099
3294	0.02616
3295	0.0261409
3296	0.026139
3297	0.02615
3298	0.0261409
3299	0.0262032
3300	0.026083
3301	0.0261459
3302	0.0261679
3303	0.0261381
3304	0.026125
3305	0.026145
3306	0.0261321
3307	0.026161
3308	0.026166
3309	0.026104
3310	0.0261512
3311	0.0261679
3312	0.02616
3313	0.026123
3314	0.02613
3315	0.02616
3316	0.026154
3317	0.026145
3318	0.0261199
3319	0.0261421
3320	0.026212
3321	0.0261199
3322	0.0261149
3323	0.0261381
3324	0.0261559
3325	0.026149
3326	0.026129
3327	0.0261431
3328	0.02614
3329	0.0261569
3330	0.0261621
3331	0.0261209
3332	0.026139
3333	0.026159
3334	0.02614
3335	0.0261629
3336	0.0261192
3337	0.0261719
3338	0.026144
3339	0.0261269
3340	0.026175
3341	0.0261221
3342	0.0261669
3343	0.0261471
3344	0.026176
3345	0.0260909
3346	0.02614
3347	0.0261681
3348	0.0261369
3349	0.026134
3350	0.0261462
3351	0.026155
3352	0.0261469
3353	0.0261161
3354	0.026144
3355	0.026135
3356	0.0261679
3357	0.026134
3358	0.0261631
3359	0.0261428
3360	0.0261331
3361	0.026139
3362	0.0261559
3363	0.0261281
3364	0.026176
3365	0.0261331
3366	0.026145
3367	0.026155
3368	0.026119
3369	0.0261681
3370	0.0261378
3371	0.026125
3372	0.0261402
3373	0.0261638
3374	0.0261481
3375	0.02619
3376	0.0260799
3377	0.0261431
3378	0.0261769
3379	0.026118
3380	0.02614
3381	0.0261631
3382	0.026139
3383	0.0261378
3384	0.0261431
3385	0.026149
3386	0.0261919
3387	0.026099
3388	0.0261512
3389	0.0261688
3390	0.0261321
3391	0.026149
3392	0.02614
3393	0.026123
3394	0.0261378
3395	0.0261581
3396	0.02614
3397	0.026149
3398	0.02614
3399	0.026129
3400	0.0261741
3401	0.026129
3402	0.0261359
3403	0.026144
3404	0.0261929
3405	0.026104
3406	0.0261431
3407	0.0261409
3408	0.026155
3409	0.026155
3410	0.0261371
3411	0.0261509
3412	0.0261362
3413	0.026181
3414	0.0261168
3415	0.026149
3416	0.0261331
3417	0.0261478
3418	0.026149
3419	0.0261531
3420	0.0261331
3421	0.026139
3422	0.026155
3423	0.0261478
3424	0.0261321
3425	0.0261559
3426	0.0261531
3427	0.0261459
3428	0.0261259
3429	0.0261521
3430	0.026135
3431	0.02616
3432	0.02614
3433	0.02614
3434	0.026134
3435	0.0261791
3436	0.026123
3437	0.026139
3438	0.0261538
3439	0.0261631
3440	0.02613
3441	0.0261331
3442	0.026145
3443	0.02614
3444	0.0261581
3445	0.0261369
3446	0.0261481
3447	0.0261419
3448	0.0261331
3449	0.0261559
3450	0.0261631
3451	0.0261199
3452	0.026186
3453	0.026119
3454	0.0261471
3455	0.0261278
3456	0.026144
3457	0.02614
3458	0.026155
3459	0.0261631
3460	0.026119
3461	0.0261569
3462	0.0261641
3463	0.0261199
3464	0.0261381
3465	0.0261471
3466	0.026161
3467	0.026159
3468	0.0261178
3469	0.0261521
3470	0.02613
3471	0.026161
3472	0.026144
3473	0.0261641
3474	0.026118
3475	0.026186
3476	0.026113
3477	0.0261378
3478	0.0261412
3479	0.02614
3480	0.0261679
3481	0.026134
3482	0.0261331
3483	0.0261481
3484	0.02616
3485	0.026145
3486	0.0261328
3487	0.0261421
3488	0.0261381
3489	0.0261629
3490	0.0261381
3491	0.0261369
3492	0.0261421
3493	0.026159
3494	0.0261409
3495	0.0261381
3496	0.026145
3497	0.02617
3498	0.026129
3499	0.026144
3500	0.026139
3501	0.0261438
3502	0.0261531
3503	0.026145
3504	0.026155
3505	0.0261199
3506	0.0261691
3507	0.0261371
3508	0.0261359
3509	0.0261369
3510	0.0261421
3511	0.0261769
3512	0.026134
3513	0.0261321
3514	0.0261378
3515	0.0261612
3516	0.026139
3517	0.0261388
3518	0.0261452
3519	0.0261438
3520	0.0261531
3521	0.0261619
3522	0.026118
3523	0.026139
3524	0.0261831
3525	0.026161
3526	0.02614
3527	0.0261369
3528	0.0261772
3529	0.0261059
3530	0.026135
3531	0.0261252
3532	0.0261419
3533	0.0261681
3534	0.0261929
3535	0.026077
3536	0.026134
3537	0.02618
3538	0.026118
3539	0.0261419
3540	0.0261331
3541	0.0261528
3542	0.0261471
3543	0.026165
3544	0.0261481
3545	0.0261409
3546	0.0261281
3547	0.0261378
3548	0.02614
3549	0.0261462
3550	0.0261519
3551	0.0261631
3552	0.02617
3553	0.0261159
3554	0.0261259
3555	0.0261631
3556	0.0261371
3557	0.0261478
3558	0.026134
3559	0.02614
3560	0.0261571
3561	0.0261519
3562	0.0261559
3563	0.0261152
3564	0.02616
3565	0.02616
3566	0.026125
3567	0.0261369
3568	0.0261471
3569	0.0261769
3570	0.026129
3571	0.0261469
3572	0.026113
3573	0.026165
3574	0.02613
3575	0.0261402
3576	0.0261419
3577	0.0261681
3578	0.026145
3579	0.026135
3580	0.026134
3581	0.026149
3582	0.0261478
3583	0.0261641
3584	0.0261199
3585	0.0261371
3586	0.026159
3587	0.0261538
3588	0.026154
3589	0.0261271
3590	0.026134
3591	0.026159
3592	0.026145
3593	0.02613
3594	0.026139
3595	0.0261688
3596	0.0261421
3597	0.0261309
3598	0.026139
3599	0.026191
3600	0.026109
3601	0.0261412
3602	0.0261409
3603	0.02615
3604	0.0261891
3605	0.0261788
3606	0.0260611
3607	0.026144
3608	0.02618
3609	0.0261199
3610	0.0261381
3611	0.026154
3612	0.0261269
3613	0.0261571
3614	0.0261419
3615	0.02614
3616	0.0261421
3617	0.0261569
3618	0.0261619
3619	0.026154
3620	0.0261021
3621	0.0261531
3622	0.0261779
3623	0.026134
3624	0.0261199
3625	0.026139
3626	0.026171
3627	0.02616
3628	0.0261111
3629	0.0261519
3630	0.026149
3631	0.026144
3632	0.0261281
3633	0.0261819
3634	0.026109
3635	0.026155
3636	0.02614
3637	0.0261531
3638	0.026135
3639	0.026181
3640	0.026113
3641	0.0261631
3642	0.0261168
3643	0.026242
3644	0.0260589
3645	0.026185
3646	0.0261362
3647	0.0261219
3648	0.0261481
3649	0.02614
3650	0.026139
3651	0.02614
3652	0.0261331
3653	0.026159
3654	0.0262649
3655	0.0260339
3656	0.0261371
3657	0.026166
3658	0.026129
3659	0.0261421
3660	0.0261269
3661	0.026144
3662	0.0261571
3663	0.0261409
3664	0.026176
3665	0.0261209
3666	0.026144
3667	0.026149
3668	0.026145
3669	0.0261371
3670	0.0261478
3671	0.026129
3672	0.026149
3673	0.0261421
3674	0.0261409
3675	0.026171
3676	0.0261281
3677	0.026149
3678	0.0262179
3679	0.026093
3680	0.0261641
3681	0.0261309
3682	0.026109
3683	0.0261509
3684	0.0261512
3685	0.026155
3686	0.026134
3687	0.026129
3688	0.0261588
3689	0.026159
3690	0.0261221
3691	0.02617
3692	0.0261219
3693	0.0261691
3694	0.0261321
3695	0.0261469
3696	0.0261619
3697	0.026119
3698	0.0261512
3699	0.026129
3700	0.0261528
3701	0.0261681
3702	0.0261319
3703	0.0262051
3704	0.0261631
3705	0.0260849
3706	0.026221
3707	0.0260451
3708	0.02613
3709	0.0261419
3710	0.0261612
3711	0.0261579
3712	0.0261199
3713	0.0261512
3714	0.02617
3715	0.0261359
3716	0.026123
3717	0.0261419
3718	0.026144
3719	0.0261641
3720	0.0261419
3721	0.026129
3722	0.0261509
3723	0.0261412
3724	0.0261478
3725	0.026149
3726	0.0261331
3727	0.02614
3728	0.026159
3729	0.0261059
3730	0.026195
3731	0.026119
3732	0.0261581
3733	0.02614
3734	0.026161
3735	0.0261331
3736	0.0261419
3737	0.026181
3738	0.0261071
3739	0.0261631
3740	0.02615
3741	0.0261528
3742	0.0261431
3743	0.0261221
3744	0.0261409
3745	0.0261409
3746	0.0261571
3747	0.0261428
3748	0.0261521
3749	0.0261369
3750	0.0261521
3751	0.026139
3752	0.0261419
3753	0.0261381
3754	0.0261431
3755	0.0261538
3756	0.0261421
3757	0.0261509
3758	0.026149
3759	0.0261791
3760	0.026103
3761	0.0261478
3762	0.026134
3763	0.0261371
3764	0.0261619
3765	0.0261521
3766	0.026134
3767	0.026134
3768	0.0261619
3769	0.0261509
3770	0.0261521
3771	0.026114
3772	0.0261638
3773	0.0261402
3774	0.0261428
3775	0.0261362
3776	0.0261509
3777	0.0261459
3778	0.0261559
3779	0.026149
3780	0.0261211
3781	0.0261688
3782	0.0261331
3783	0.0261421
3784	0.026135
3785	0.0261469
