1509097308.000000000
1509097308.169007000
1509097308.169200000
1509097308.362624000
1509097308.362647000
1509097308.362863000
1509097308.362876000
1509097308.363107000
1509097308.363117000
1509097308.531765000
1509097308.531783000
1509097308.532008000
1509097308.532023000
1509097308.532219000
1509097308.532233000
1509097308.532430000
1509097308.532449000
1509097308.532672000
1509097308.532792000
1509097308.532918000
1509097308.532929000
1509097308.533118000
1509097308.700884000
1509097308.701163000
1509097308.701187000
1509097308.701385000
1509097308.701400000
1509097308.701580000
1509097308.701698000
1509097308.701835000
1509097308.701848000
1509097308.702069000
1509097308.702087000
1509097308.702282000
1509097308.702291000
1509097308.702521000
1509097308.702642000
1509097308.702769000
1509097308.702779000
1509097308.870317000
1509097308.870334000
1509097308.870519000
1509097308.870530000
1509097308.870799000
1509097308.870821000
1509097308.882300000
1509097308.882317000
1509097308.882533000
1509097308.882545000
1509097308.882797000
1509097308.882821000
1509097308.882972000
1509097308.882984000
1509097308.883220000
1509097308.883239000
1509097308.883486000
1509097308.883504000
1509097308.883671000
1509097308.883683000
1509097308.883888000
1509097308.884015000
1509097308.884134000
1509097309.039388000
1509097309.039942000
1509097309.040159000
1509097309.040393000
1509097309.040422000
1509097309.040597000
1509097309.051580000
1509097309.052084000
1509097309.052292000
1509097309.052630000
1509097309.052742000
1509097309.053069000
1509097309.053313000
1509097309.053462000
1509097309.064157000
1509097309.064489000
1509097309.064578000
1509097309.064917000
1509097309.208499000
1509097309.220594000
1509097309.220852000
1509097309.221089000
1509097309.221201000
1509097309.221539000
1509097309.221780000
1509097309.222030000
1509097309.222377000
1509097309.222498000
1509097309.222624000
1509097309.222636000
1509097309.222736000
1509097309.222881000
1509097309.223012000
1509097309.223134000
1509097309.223249000
1509097309.223381000
1509097309.223703000
1509097309.223954000
1509097309.377673000
1509097309.388775000
1509097309.388941000
1509097309.389144000
1509097309.389469000
1509097309.389707000
1509097309.389959000
1509097309.390196000
1509097309.391332000
1509097309.391466000
1509097309.391631000
1509097309.391872000
1509097309.392121000
1509097309.392413000
1509097309.392664000
1509097309.392902000
1509097309.393153000
1509097309.393393000
1509097309.393541000
1509097309.393801000
1509097309.394054000
1509097309.394182000
1509097309.403719000
1509097309.403973000
1509097309.404083000
1509097309.546793000
1509097309.559417000
1509097309.559528000
1509097309.559823000
1509097309.560060000
1509097309.560195000
1509097309.560529000
1509097309.560751000
1509097309.560884000
1509097309.561207000
1509097309.561449000
1509097309.562152000
1509097309.562391000
1509097309.562532000
1509097309.562773000
1509097309.562986000
1509097309.563225000
1509097309.563453000
1509097309.573207000
1509097309.573461000
1509097309.573578000
1509097309.573896000
1509097309.574151000
1509097309.574278000
1509097309.574495000
1509097309.574850000
1509097309.574942000
1509097309.575283000
1509097309.715887000
1509097309.728711000
1509097309.730338000
1509097309.730552000
1509097309.730681000
1509097309.730946000
1509097309.731181000
1509097309.731321000
1509097309.731643000
1509097309.731880000
1509097309.732006000
1509097309.740886000
1509097309.741124000
1509097309.741238000
1509097309.741571000
1509097309.741813000
1509097309.741941000
1509097309.742256000
1509097309.742398000
1509097309.742641000
1509097309.742936000
1509097309.743190000
1509097309.744365000
1509097309.744572000
1509097309.744930000
1509097309.745049000
1509097309.745382000
1509097309.745620000
1509097309.745759000
1509097309.746044000
1509097309.746301000
1509097309.785456000
1509097309.885019000
1509097309.897797000
1509097309.901119000
1509097309.901156000
1509097309.901394000
1509097309.901635000
1509097309.901768000
1509097309.902082000
1509097309.902224000
1509097309.902469000
1509097309.902760000
1509097309.903012000
1509097309.903139000
1509097309.910179000
1509097309.910423000
1509097309.912182000
1509097309.912305000
1509097309.912432000
1509097309.912549000
1509097309.912679000
1509097309.912799000
1509097309.912809000
1509097309.912996000
1509097309.913128000
1509097309.913250000
1509097309.913368000
1509097309.913487000
1509097309.913507000
1509097309.931374000
1509097309.931502000
1509097309.931633000
1509097309.931647000
1509097309.931859000
1509097309.931871000
1509097309.932080000
1509097309.932092000
1509097309.932315000
1509097309.932438000
1509097309.932565000
1509097309.932575000
1509097309.932761000
1509097309.932882000
1509097309.933015000
1509097309.933137000
1509097309.933252000
1509097309.933268000
1509097309.933463000
1509097309.933474000
1509097309.933702000
1509097309.933824000
1509097309.933956000
1509097309.933967000
1509097309.934153000
1509097309.954560000
1509097309.954574000
1509097310.054141000
1509097310.054161000
1509097310.066870000
1509097310.072143000
1509097310.072488000
1509097310.072518000
1509097310.072746000
1509097310.073006000
1509097310.073132000
1509097310.083251000
1509097310.083592000
1509097310.083698000
1509097310.084023000
1509097310.084279000
1509097310.084394000
1509097310.084727000
1509097310.084964000
1509097310.085100000
1509097310.085392000
1509097310.085650000
1509097310.085771000
1509097310.086099000
1509097310.086339000
1509097310.086476000
1509097310.101210000
1509097310.101456000
1509097310.101699000
1509097310.103090000
1509097310.103332000
1509097310.103474000
1509097310.113946000
1509097310.114191000
1509097310.114325000
1509097310.114645000
1509097310.114885000
1509097310.115023000
1509097310.115229000
1509097310.115592000
1509097310.115701000
1509097310.123648000
1509097310.123880000
1509097310.163470000
1509097310.223363000
1509097310.253140000
1509097310.253524000
1509097310.253549000
1509097310.253887000
1509097310.254128000
1509097310.254154000
1509097310.254345000
1509097310.254705000
1509097310.254801000
1509097310.264284000
1509097310.264631000
1509097310.264770000
1509097310.265079000
1509097310.265216000
1509097310.265475000
1509097310.265771000
1509097310.266008000
1509097310.266138000
1509097310.266464000
1509097310.266699000
1509097310.266828000
1509097310.267148000
1509097310.267402000
1509097310.270288000
1509097310.270536000
1509097310.270785000
1509097310.271032000
1509097310.284739000
1509097310.284966000
1509097310.285075000
1509097310.295477000
1509097310.295713000
1509097310.295820000
1509097310.296145000
1509097310.296286000
1509097310.296526000
1509097310.296831000
1509097310.297076000
1509097310.297205000
1509097310.297530000
1509097310.297773000
1509097310.297892000
1509097310.298222000
1509097310.332689000
1509097310.392618000
1509097310.422408000
1509097310.434373000
1509097310.434500000
1509097310.434775000
1509097310.434911000
1509097310.435150000
1509097310.445962000
1509097310.446207000
1509097310.446322000
1509097310.446643000
1509097310.446896000
1509097310.447029000
1509097310.447326000
1509097310.447582000
1509097310.447706000
1509097310.448030000
1509097310.448268000
1509097310.448407000
1509097310.448718000
1509097310.448969000
1509097310.449107000
1509097310.449314000
1509097310.449671000
1509097310.449762000
1509097310.450101000
1509097310.450338000
1509097310.450463000
1509097310.450789000
1509097310.453972000
1509097310.454083000
1509097310.457341000
1509097310.457614000
1509097310.465091000
1509097310.465340000
1509097310.561864000
1509097310.562055000
1509097310.562273000
1509097310.562586000
1509097310.562731000
1509097310.563038000
1509097310.563266000
1509097310.563420000
1509097310.563715000
1509097310.563967000
1509097310.564103000
1509097310.564415000
1509097310.564680000
1509097310.564866000
1509097310.591578000
1509097310.591816000
1509097310.603567000
1509097310.603787000
1509097310.617431000
1509097310.617454000
1509097310.617698000
1509097310.618024000
1509097310.618159000
1509097310.618475000
1509097310.618724000
1509097310.618858000
1509097310.619071000
1509097310.619424000
1509097310.619536000
1509097310.619849000
1509097310.620103000
1509097310.620227000
1509097310.620548000
1509097310.620800000
1509097310.621040000
1509097310.621281000
1509097310.621533000
1509097310.621661000
1509097310.628690000
1509097310.628946000
1509097310.629182000
1509097310.629388000
1509097310.629742000
1509097310.629861000
1509097310.630169000
1509097310.630420000
1509097310.630541000
1509097310.630868000
1509097310.631114000
1509097310.631251000
1509097310.634351000
1509097310.634580000
1509097310.674484000
1509097310.733937000
1509097310.734268000
1509097310.734431000
1509097310.734624000
1509097310.734843000
1509097310.735092000
1509097310.735221000
1509097310.745248000
1509097310.745494000
1509097310.745615000
1509097310.745944000
1509097310.746184000
1509097310.746313000
1509097310.746613000
1509097310.746889000
1509097310.746981000
1509097310.760786000
1509097310.761039000
1509097310.761281000
1509097310.772773000
1509097310.789327000
1509097310.789449000
1509097310.789624000
1509097310.789639000
1509097310.789851000
1509097310.790105000
1509097310.790121000
1509097310.790398000
1509097310.790651000
1509097310.790782000
1509097310.800622000
1509097310.800871000
1509097310.801001000
1509097310.801211000
1509097310.801567000
1509097310.801680000
1509097310.801904000
1509097310.802150000
1509097310.802397000
1509097310.802694000
1509097310.802933000
1509097310.803062000
1509097310.803382000
1509097310.803637000
1509097310.803764000
1509097310.804094000
1509097310.804331000
1509097310.804572000
1509097310.804823000
1509097310.805062000
1509097310.805200000
1509097310.811356000
1509097310.811589000
1509097310.811708000
1509097310.812032000
1509097310.812273000
1509097310.812426000
1509097310.812637000
1509097310.843585000
1509097310.888494000
1509097310.903134000
1509097310.903345000
1509097310.903605000
1509097310.930417000
1509097310.930656000
1509097310.930770000
1509097310.931018000
1509097310.931267000
1509097310.931502000
1509097310.931809000
1509097310.932061000
1509097310.932193000
1509097310.932398000
1509097310.932759000
1509097310.932853000
1509097310.941292000
1509097310.941643000
1509097310.941802000
1509097310.942087000
1509097310.942229000
1509097310.942589000
1509097310.942828000
1509097310.958638000
1509097310.958887000
1509097310.959136000
1509097310.972136000
1509097310.972156000
1509097310.972386000
1509097310.972406000
1509097310.972615000
1509097310.972627000
1509097310.972851000
1509097310.972863000
1509097310.973064000
1509097310.973075000
1509097310.973280000
1509097310.973554000
1509097310.973572000
1509097310.973863000
1509097310.974099000
1509097310.974228000
1509097310.988413000
1509097310.988742000
1509097310.988882000
1509097310.989201000
1509097310.989451000
1509097310.989560000
1509097310.989897000
1509097310.990137000
1509097310.990264000
1509097310.990586000
1509097310.990839000
1509097310.990955000
1509097310.991291000
1509097310.991527000
1509097310.991651000
1509097310.991955000
1509097310.992207000
1509097310.992342000
1509097310.992668000
1509097310.992905000
1509097310.993034000
1509097310.999296000
1509097310.999531000
1509097310.999778000
1509097311.012652000
1509097311.012801000
1509097311.057633000
1509097311.072250000
1509097311.072589000
1509097311.111136000
1509097311.111382000
1509097311.111702000
1509097311.111840000
1509097311.112165000
1509097311.112399000
1509097311.112534000
1509097311.112842000
1509097311.112986000
1509097311.113227000
1509097311.113525000
1509097311.113777000
1509097311.113904000
1509097311.122542000
1509097311.122788000
1509097311.122905000
1509097311.123125000
1509097311.123367000
1509097311.123611000
1509097311.123907000
1509097311.124160000
1509097311.127718000
1509097311.127968000
1509097311.128215000
1509097311.128456000
1509097311.128705000
1509097311.159228000
1509097311.159262000
1509097311.159472000
1509097311.159492000
1509097311.159688000
1509097311.159806000
1509097311.159940000
1509097311.159952000
1509097311.160137000
1509097311.160256000
1509097311.160389000
1509097311.160630000
1509097311.161040000
1509097311.170385000
1509097311.170604000
1509097311.170754000
1509097311.171057000
1509097311.171297000
1509097311.171435000
1509097311.171750000
1509097311.171992000
1509097311.172126000
1509097311.172450000
1509097311.172689000
1509097311.172825000
1509097311.173142000
1509097311.173372000
1509097311.173507000
1509097311.173822000
1509097311.174061000
1509097311.174314000
1509097311.174557000
1509097311.174804000
1509097311.180699000
1509097311.180948000
1509097311.181195000
1509097311.181212000
1509097311.181535000
1509097311.181768000
1509097311.181902000
1509097311.182213000
1509097311.182466000
1509097311.182706000
1509097311.182948000
1509097311.222475000
1509097311.226910000
1509097311.241358000
1509097311.282466000
1509097311.292505000
1509097311.292656000
1509097311.292954000
1509097311.293194000
1509097311.293318000
1509097311.293548000
1509097311.293893000
1509097311.294011000
1509097311.294318000
1509097311.294560000
1509097311.294703000
1509097311.303554000
1509097311.303734000
1509097311.303935000
1509097311.304154000
1509097311.304498000
1509097311.304633000
1509097311.304836000
1509097311.305194000
1509097311.305315000
1509097311.305626000
1509097311.305870000
1509097311.305998000
1509097311.306228000
1509097311.306570000
1509097311.306693000
1509097311.307031000
1509097311.307260000
1509097311.328445000
1509097311.328736000
1509097311.328936000
1509097311.329180000
1509097311.329421000
1509097311.329664000
1509097311.342917000
1509097311.342946000
1509097311.343106000
1509097311.343222000
1509097311.343366000
1509097311.343382000
1509097311.343475000
1509097311.343681000
1509097311.343694000
1509097311.343904000
1509097311.344055000
1509097311.344077000
1509097311.344177000
1509097311.344357000
1509097311.344473000
1509097311.344716000
1509097311.344854000
1509097311.345167000
1509097311.345417000
1509097311.345547000
1509097311.345869000
1509097311.346110000
1509097311.346259000
1509097311.346560000
1509097311.346704000
1509097311.346937000
1509097311.353533000
1509097311.353852000
1509097311.353970000
1509097311.354309000
1509097311.354551000
1509097311.354678000
1509097311.354901000
1509097311.355242000
1509097311.355377000
1509097311.355593000
1509097311.355945000
1509097311.356063000
1509097311.356379000
1509097311.356620000
1509097311.356745000
1509097311.357064000
1509097311.357322000
1509097311.391693000
1509097311.396041000
1509097311.396254000
1509097311.410551000
1509097311.450462000
1509097311.451717000
1509097311.475015000
1509097311.475242000
1509097311.475359000
1509097318.376891000
1509097318.560457000
1509097318.560475000
1509097318.560673000
1509097318.560796000
1509097318.560974000
1509097318.560995000
1509097318.561148000
1509097318.561279000
1509097318.561292000
1509097318.561513000
1509097318.729596000
1509097318.729619000
1509097318.729828000
1509097318.729844000
1509097318.730101000
1509097318.730116000
1509097318.730422000
1509097318.730692000
1509097318.730922000
1509097318.731191000
1509097318.731407000
1509097318.731675000
1509097318.731919000
1509097318.898834000
1509097318.899153000
1509097318.899414000
1509097318.899652000
1509097318.899890000
1509097318.900140000
1509097318.900379000
1509097318.900634000
1509097318.900883000
1509097318.901120000
1509097318.901363000
1509097318.901614000
1509097318.901855000
1509097318.902109000
1509097318.902345000
1509097318.902601000
1509097318.942486000
1509097319.068025000
1509097319.068381000
1509097319.068637000
1509097319.068871000
1509097319.069121000
1509097319.069358000
1509097319.069605000
1509097319.069849000
1509097319.070096000
1509097319.070340000
1509097319.070586000
1509097319.070835000
1509097319.071078000
1509097319.071327000
1509097319.071479000
1509097319.071821000
1509097319.072072000
1509097319.072322000
1509097319.072561000
1509097319.072804000
1509097319.073045000
1509097319.073292000
1509097319.073540000
1509097319.073781000
1509097319.111683000
1509097319.237259000
1509097319.237495000
1509097319.237823000
1509097319.238053000
1509097319.238321000
1509097319.238548000
1509097319.238814000
1509097319.239039000
1509097319.239205000
1509097319.239551000
1509097319.239788000
1509097319.240021000
1509097319.240278000
1509097319.240423000
1509097319.240668000
1509097319.241015000
1509097319.241166000
1509097319.241400000
1509097319.241752000
1509097319.241900000
1509097319.242138000
1509097319.242382000
1509097319.242736000
1509097319.243004000
1509097319.243236000
1509097319.243481000
1509097319.243721000
1509097319.243880000
1509097319.244217000
1509097319.244459000
1509097319.244714000
1509097319.244957000
1509097319.245204000
1509097319.245445000
1509097319.245695000
1509097319.245940000
1509097319.280825000
1509097319.323464000
1509097319.406399000
1509097319.406618000
1509097319.406940000
1509097319.407192000
1509097319.407444000
1509097319.407684000
1509097319.407924000
1509097319.408170000
1509097319.408418000
1509097319.408660000
1509097319.408906000
1509097319.409151000
1509097319.409398000
1509097319.409643000
1509097319.409895000
1509097319.410134000
1509097319.410382000
1509097319.410625000
1509097319.410900000
1509097319.411141000
1509097319.411382000
1509097319.411614000
1509097319.411884000
1509097319.412131000
1509097319.412378000
1509097319.412615000
1509097319.412871000
1509097319.413112000
1509097319.413328000
1509097319.413495000
1509097319.413740000
1509097319.414086000
1509097319.414231000
1509097319.414589000
1509097319.414840000
1509097319.415083000
1509097319.415320000
1509097319.415565000
1509097319.415816000
1509097319.415838000
1509097326.710047000
1509097326.897110000
1509097326.897127000
1509097326.897345000
1509097326.897357000
1509097326.897569000
1509097326.897581000
1509097326.897800000
1509097326.897814000
1509097326.898039000
1509097326.898163000
1509097327.066240000
1509097327.066258000
1509097327.066491000
1509097327.066507000
1509097327.066687000
1509097327.066805000
1509097327.067056000
1509097327.067302000
1509097327.067543000
1509097327.067798000
1509097327.068041000
1509097327.068278000
1509097327.068527000
1509097327.235436000
1509097327.235686000
1509097327.235901000
1509097327.236149000
1509097327.236392000
1509097327.236752000
1509097327.236993000
1509097327.237244000
1509097327.237486000
1509097327.237736000
1509097327.237973000
1509097327.238224000
1509097327.238462000
1509097327.238709000
1509097327.238954000
1509097327.239207000
1509097327.278483000
1509097327.404552000
1509097327.404811000
1509097327.405123000
1509097327.405373000
1509097327.405617000
1509097327.405775000
1509097327.406103000
1509097327.406354000
1509097327.406598000
1509097327.406848000
1509097327.407001000
1509097327.407361000
1509097327.407609000
1509097327.407849000
1509097327.408089000
1509097327.408342000
1509097327.408569000
1509097327.408829000
1509097327.409083000
1509097327.409331000
1509097327.409573000
1509097327.409816000
1509097327.410063000
1509097327.410306000
1509097327.447634000
1509097327.573714000
1509097327.574044000
1509097327.574210000
1509097327.574529000
1509097327.574789000
1509097327.575020000
1509097327.575276000
1509097327.575511000
1509097327.575767000
1509097327.576005000
1509097327.576258000
1509097327.576495000
1509097327.576750000
1509097327.576986000
1509097327.577264000
1509097327.577480000
1509097327.577751000
1509097327.577972000
1509097327.578239000
1509097327.578471000
1509097327.578729000
1509097327.578982000
1509097327.579200000
1509097327.579357000
1509097327.579710000
1509097327.579957000
1509097327.580091000
1509097327.580448000
1509097327.580695000
1509097327.580940000
1509097327.581193000
1509097327.581436000
1509097327.581687000
1509097327.581925000
1509097327.582176000
1509097327.582414000
1509097327.616847000
1509097327.659458000
1509097327.742935000
1509097327.743264000
1509097327.743486000
1509097327.743732000
1509097327.743876000
1509097327.744225000
1509097327.744469000
1509097327.744723000
1509097327.744960000
1509097327.745220000
1509097327.745459000
1509097327.745698000
1509097327.745951000
1509097327.746188000
1509097327.746443000
1509097327.746682000
1509097327.746926000
1509097327.747180000
1509097327.747416000
1509097327.747667000
1509097327.747913000
1509097327.748162000
1509097327.748401000
1509097327.748654000
1509097327.748894000
1509097327.749142000
1509097327.749380000
1509097327.749638000
1509097327.749873000
1509097327.750125000
1509097327.750371000
1509097327.750627000
1509097327.750853000
1509097327.752811000
1509097327.753053000
1509097327.753189000
1509097327.753513000
1509097327.753750000
1509097327.753872000
1509097327.754174000
1509097327.754430000
1509097327.754557000
1509097327.754872000
1509097327.755118000
1509097327.755255000
1509097327.755578000
1509097327.755815000
1509097327.755949000
1509097327.786070000
1509097327.827479000
1509097327.828592000
1509097327.912124000
1509097327.912367000
1509097327.912688000
1509097327.912831000
1509097327.913077000
1509097327.913427000
1509097327.913662000
1509097327.913918000
1509097327.914173000
1509097327.914415000
1509097327.914658000
1509097327.914907000
1509097327.915147000
1509097327.915398000
1509097327.915641000
1509097327.915888000
1509097327.916131000
1509097327.916377000
1509097327.916623000
1509097327.916873000
1509097327.917119000
1509097327.917361000
1509097327.917601000
1509097327.917849000
1509097327.918096000
1509097327.918345000
1509097327.918594000
1509097327.918840000
1509097327.919082000
1509097327.919326000
1509097327.919573000
1509097327.919717000
1509097327.919963000
1509097327.920761000
1509097327.920899000
1509097327.921113000
1509097327.921353000
1509097327.921491000
1509097327.921849000
1509097327.922098000
1509097327.922336000
1509097327.922464000
