1509097308.168967000
1509097308.339015000
1509097308.362593000
1509097308.362634000
1509097308.362846000
1509097308.362868000
1509097308.363093000
1509097308.363110000
1509097308.531719000
1509097308.531774000
1509097308.531961000
1509097308.532015000
1509097308.532204000
1509097308.532225000
1509097308.532413000
1509097308.532441000
1509097308.532659000
1509097308.532779000
1509097308.532905000
1509097308.532922000
1509097308.533109000
1509097308.700834000
1509097308.701120000
1509097308.701174000
1509097308.701364000
1509097308.701391000
1509097308.701568000
1509097308.701691000
1509097308.701821000
1509097308.701841000
1509097308.702059000
1509097308.702079000
1509097308.702272000
1509097308.702285000
1509097308.702509000
1509097308.702632000
1509097308.702755000
1509097308.702772000
1509097308.870271000
1509097308.870326000
1509097308.870505000
1509097308.870522000
1509097308.870754000
1509097308.870814000
1509097308.882269000
1509097308.882309000
1509097308.882520000
1509097308.882538000
1509097308.882751000
1509097308.882813000
1509097308.882961000
1509097308.882977000
1509097308.883209000
1509097308.883231000
1509097308.883463000
1509097308.883497000
1509097308.883659000
1509097308.883676000
1509097308.883873000
1509097308.883999000
1509097308.884122000
1509097309.039345000
1509097309.039903000
1509097309.039949000
1509097309.040136000
1509097309.040165000
1509097309.040380000
1509097309.040405000
1509097309.040565000
1509097309.040579000
1509097309.051507000
1509097309.051543000
1509097309.052061000
1509097309.052071000
1509097309.052242000
1509097309.052277000
1509097309.052483000
1509097309.052611000
1509097309.052637000
1509097309.052730000
1509097309.052933000
1509097309.053057000
1509097309.053179000
1509097309.053302000
1509097309.053426000
1509097309.053447000
1509097309.064077000
1509097309.064111000
1509097309.064320000
1509097309.064445000
1509097309.064494000
1509097309.064564000
1509097309.064773000
1509097309.064899000
1509097309.208414000
1509097309.208450000
1509097309.208985000
1509097309.220578000
1509097309.220604000
1509097309.220826000
1509097309.220861000
1509097309.221071000
1509097309.221096000
1509097309.221192000
1509097309.221397000
1509097309.221529000
1509097309.221543000
1509097309.221766000
1509097309.221787000
1509097309.222019000
1509097309.222035000
1509097309.222360000
1509097309.222483000
1509097309.222613000
1509097309.222628000
1509097309.222728000
1509097309.222872000
1509097309.223002000
1509097309.223125000
1509097309.223240000
1509097309.223363000
1509097309.223372000
1509097309.223576000
1509097309.223691000
1509097309.223812000
1509097309.223943000
1509097309.377618000
1509097309.377655000
1509097309.388634000
1509097309.388755000
1509097309.388899000
1509097309.388927000
1509097309.389123000
1509097309.389136000
1509097309.389336000
1509097309.389460000
1509097309.389574000
1509097309.389697000
1509097309.389827000
1509097309.389950000
1509097309.390066000
1509097309.390187000
1509097309.391192000
1509097309.391315000
1509097309.391441000
1509097309.391453000
1509097309.391613000
1509097309.391623000
1509097309.391855000
1509097309.391863000
1509097309.392093000
1509097309.392108000
1509097309.392284000
1509097309.392401000
1509097309.392536000
1509097309.392653000
1509097309.392778000
1509097309.392892000
1509097309.393022000
1509097309.393145000
1509097309.393260000
1509097309.393383000
1509097309.393523000
1509097309.393535000
1509097309.393670000
1509097309.393793000
1509097309.393923000
1509097309.394045000
1509097309.394164000
1509097309.394175000
1509097309.403582000
1509097309.403706000
1509097309.403725000
1509097309.403952000
1509097309.403985000
1509097309.404073000
1509097309.546732000
1509097309.546774000
1509097309.546962000
1509097309.559382000
1509097309.559425000
1509097309.559481000
1509097309.559686000
1509097309.559812000
1509097309.559923000
1509097309.560046000
1509097309.560176000
1509097309.560186000
1509097309.560374000
1509097309.560516000
1509097309.560539000
1509097309.560741000
1509097309.560864000
1509097309.560878000
1509097309.561077000
1509097309.561198000
1509097309.561315000
1509097309.561436000
1509097309.561568000
1509097309.562135000
1509097309.562163000
1509097309.562380000
1509097309.562513000
1509097309.562524000
1509097309.562756000
1509097309.562766000
1509097309.562954000
1509097309.562976000
1509097309.563208000
1509097309.563218000
1509097309.563434000
1509097309.563445000
1509097309.573071000
1509097309.573194000
1509097309.573317000
1509097309.573442000
1509097309.573467000
1509097309.573562000
1509097309.573767000
1509097309.573887000
1509097309.574020000
1509097309.574142000
1509097309.574258000
1509097309.574270000
1509097309.574474000
1509097309.574487000
1509097309.574709000
1509097309.574840000
1509097309.574854000
1509097309.574933000
1509097309.575139000
1509097309.575270000
1509097309.715835000
1509097309.715869000
1509097309.716079000
1509097309.728682000
1509097309.728719000
1509097309.730296000
1509097309.730348000
1509097309.730538000
1509097309.730660000
1509097309.730672000
1509097309.730804000
1509097309.730927000
1509097309.731057000
1509097309.731171000
1509097309.731302000
1509097309.731313000
1509097309.731504000
1509097309.731631000
1509097309.731647000
1509097309.731868000
1509097309.731990000
1509097309.731999000
1509097309.740736000
1509097309.740864000
1509097309.740896000
1509097309.741112000
1509097309.741131000
1509097309.741225000
1509097309.741439000
1509097309.741562000
1509097309.741576000
1509097309.741801000
1509097309.741924000
1509097309.741933000
1509097309.742127000
1509097309.742248000
1509097309.742381000
1509097309.742391000
1509097309.742619000
1509097309.742634000
1509097309.742810000
1509097309.742926000
1509097309.743049000
1509097309.743179000
1509097309.744340000
1509097309.744355000
1509097309.744554000
1509097309.744565000
1509097309.744790000
1509097309.744921000
1509097309.744934000
1509097309.745035000
1509097309.745241000
1509097309.745372000
1509097309.745385000
1509097309.745609000
1509097309.745630000
1509097309.745749000
1509097309.745916000
1509097309.746037000
1509097309.746170000
1509097309.746293000
1509097309.746408000
1509097309.884958000
1509097309.884999000
1509097309.885196000
1509097309.897772000
1509097309.897805000
1509097309.901091000
1509097309.901127000
1509097309.901254000
1509097309.901377000
1509097309.901404000
1509097309.901622000
1509097309.901752000
1509097309.901761000
1509097309.901948000
1509097309.902073000
1509097309.902204000
1509097309.902217000
1509097309.902446000
1509097309.902462000
1509097309.902632000
1509097309.902749000
1509097309.902871000
1509097309.903001000
1509097309.903124000
1509097309.903132000
1509097309.910038000
1509097309.910165000
1509097309.910285000
1509097309.910409000
1509097309.910531000
1509097309.912169000
1509097309.912292000
1509097309.912414000
1509097309.912539000
1509097309.912669000
1509097309.912790000
1509097309.912803000
1509097309.912986000
1509097309.913118000
1509097309.913241000
1509097309.913357000
1509097309.913480000
1509097309.913497000
1509097309.931359000
1509097309.931482000
1509097309.931622000
1509097309.931640000
1509097309.931850000
1509097309.931863000
1509097309.932067000
1509097309.932086000
1509097309.932306000
1509097309.932423000
1509097309.932554000
1509097309.932569000
1509097309.932751000
1509097309.932874000
1509097309.933004000
1509097309.933126000
1509097309.933242000
1509097309.933262000
1509097309.933454000
1509097309.933467000
1509097309.933693000
1509097309.933815000
1509097309.933946000
1509097309.933961000
1509097309.934143000
1509097309.954540000
1509097309.954564000
1509097310.054111000
1509097310.054153000
1509097310.054358000
1509097310.066838000
1509097310.072099000
1509097310.072129000
1509097310.072346000
1509097310.072475000
1509097310.072500000
1509097310.072605000
1509097310.072735000
1509097310.072857000
1509097310.072994000
1509097310.073017000
1509097310.073116000
1509097310.083202000
1509097310.083234000
1509097310.083447000
1509097310.083562000
1509097310.083600000
1509097310.083684000
1509097310.083889000
1509097310.084012000
1509097310.084134000
1509097310.084265000
1509097310.084287000
1509097310.084380000
1509097310.084585000
1509097310.084716000
1509097310.084731000
1509097310.084954000
1509097310.085084000
1509097310.085092000
1509097310.085261000
1509097310.085384000
1509097310.085518000
1509097310.085631000
1509097310.085753000
1509097310.085764000
1509097310.085964000
1509097310.086086000
1509097310.086203000
1509097310.086326000
1509097310.086457000
1509097310.086469000
1509097310.086659000
1509097310.101195000
1509097310.101316000
1509097310.101442000
1509097310.101563000
1509097310.101685000
1509097310.101818000
1509097310.103078000
1509097310.103202000
1509097310.103323000
1509097310.103454000
1509097310.103468000
1509097310.113810000
1509097310.113932000
1509097310.114055000
1509097310.114178000
1509097310.114301000
1509097310.114315000
1509097310.114513000
1509097310.114636000
1509097310.114650000
1509097310.114874000
1509097310.115006000
1509097310.115016000
1509097310.115204000
1509097310.115219000
1509097310.115448000
1509097310.115581000
1509097310.115598000
1509097310.115692000
1509097310.115885000
1509097310.123636000
1509097310.123653000
1509097310.123865000
1509097310.123888000
1509097310.223314000
1509097310.223345000
1509097310.253111000
1509097310.253128000
1509097310.253357000
1509097310.253488000
1509097310.253532000
1509097310.253542000
1509097310.253746000
1509097310.253876000
1509097310.253998000
1509097310.254114000
1509097310.254139000
1509097310.254327000
1509097310.254338000
1509097310.254565000
1509097310.254695000
1509097310.254711000
1509097310.254792000
1509097310.264253000
1509097310.264271000
1509097310.264498000
1509097310.264621000
1509097310.264751000
1509097310.264763000
1509097310.264926000
1509097310.265071000
1509097310.265202000
1509097310.265210000
1509097310.265461000
1509097310.265469000
1509097310.265630000
1509097310.265756000
1509097310.265869000
1509097310.265999000
1509097310.266123000
1509097310.266131000
1509097310.266320000
1509097310.266451000
1509097310.266469000
1509097310.266688000
1509097310.266811000
1509097310.266821000
1509097310.267023000
1509097310.267139000
1509097310.267261000
1509097310.267392000
1509097310.267407000
1509097310.270272000
1509097310.270296000
1509097310.270525000
1509097310.270541000
1509097310.270769000
1509097310.270790000
1509097310.271024000
1509097310.284701000
1509097310.284726000
1509097310.284945000
1509097310.284957000
1509097310.285056000
1509097310.295319000
1509097310.295443000
1509097310.295486000
1509097310.295702000
1509097310.295719000
1509097310.295810000
1509097310.296014000
1509097310.296137000
1509097310.296268000
1509097310.296279000
1509097310.296504000
1509097310.296519000
1509097310.296696000
1509097310.296814000
1509097310.296937000
1509097310.297066000
1509097310.297189000
1509097310.297198000
1509097310.297392000
1509097310.297520000
1509097310.297640000
1509097310.297762000
1509097310.297878000
1509097310.297885000
1509097310.298090000
1509097310.298211000
1509097310.332551000
1509097310.332674000
1509097310.392475000
1509097310.392601000
1509097310.392719000
1509097310.422394000
1509097310.422517000
1509097310.434354000
1509097310.434478000
1509097310.434490000
1509097310.434643000
1509097310.434765000
1509097310.434894000
1509097310.434904000
1509097310.435132000
1509097310.435142000
1509097310.445823000
1509097310.445946000
1509097310.445970000
1509097310.446198000
1509097310.446212000
1509097310.446313000
1509097310.446498000
1509097310.446629000
1509097310.446764000
1509097310.446887000
1509097310.446902000
1509097310.447018000
1509097310.447195000
1509097310.447317000
1509097310.447448000
1509097310.447572000
1509097310.447686000
1509097310.447698000
1509097310.447899000
1509097310.448021000
1509097310.448138000
1509097310.448259000
1509097310.448390000
1509097310.448400000
1509097310.448587000
1509097310.448710000
1509097310.448833000
1509097310.448955000
1509097310.449082000
1509097310.449097000
1509097310.449292000
1509097310.449306000
1509097310.449526000
1509097310.449661000
1509097310.449675000
1509097310.449754000
1509097310.449959000
1509097310.450089000
1509097310.450212000
1509097310.450327000
1509097310.450450000
1509097310.450457000
1509097310.450662000
1509097310.450778000
1509097310.453832000
1509097310.453953000
1509097310.453979000
1509097310.454075000
1509097310.457209000
1509097310.457332000
1509097310.457347000
1509097310.457586000
1509097310.464951000
1509097310.465074000
1509097310.465195000
1509097310.465326000
1509097310.561808000
1509097310.561846000
1509097310.562043000
1509097310.562049000
1509097310.562209000
1509097310.562254000
1509097310.562453000
1509097310.562576000
1509097310.562707000
1509097310.562721000
1509097310.562886000
1509097310.563026000
1509097310.563050000
1509097310.563252000
1509097310.563402000
1509097310.563411000
1509097310.563580000
1509097310.563702000
1509097310.563833000
1509097310.563957000
1509097310.564072000
1509097310.564092000
1509097310.564283000
1509097310.564406000
1509097310.564526000
1509097310.564669000
1509097310.564685000
1509097310.564849000
1509097310.564879000
1509097310.591540000
1509097310.591591000
1509097310.591787000
1509097310.603519000
1509097310.603552000
1509097310.603772000
1509097310.603780000
1509097310.604014000
1509097310.617390000
1509097310.617440000
1509097310.617448000
1509097310.617647000
1509097310.617682000
1509097310.617893000
1509097310.618014000
1509097310.618136000
1509097310.618150000
1509097310.618344000
1509097310.618464000
1509097310.618587000
1509097310.618710000
1509097310.618730000
1509097310.618840000
1509097310.619038000
1509097310.619063000
1509097310.619283000
1509097310.619406000
1509097310.619430000
1509097310.619528000
1509097310.619721000
1509097310.619836000
1509097310.619964000
1509097310.620089000
1509097310.620212000
1509097310.620220000
1509097310.620409000
1509097310.620538000
1509097310.620654000
1509097310.620784000
1509097310.620809000
1509097310.621030000
1509097310.621154000
1509097310.621270000
1509097310.621393000
1509097310.621523000
1509097310.621645000
1509097310.621654000
1509097310.628671000
1509097310.628683000
1509097310.628910000
1509097310.628935000
1509097310.629155000
1509097310.629174000
1509097310.629369000
1509097310.629379000
1509097310.629606000
1509097310.629728000
1509097310.629750000
1509097310.629851000
1509097310.630035000
1509097310.630158000
1509097310.630279000
1509097310.630404000
1509097310.630527000
1509097310.630534000
1509097310.630730000
1509097310.630857000
1509097310.630977000
1509097310.631100000
1509097310.631231000
1509097310.631243000
1509097310.631428000
1509097310.634336000
1509097310.634358000
1509097310.634569000
1509097310.634692000
1509097310.733888000
1509097310.733920000
1509097310.734137000
1509097310.734255000
1509097310.734379000
1509097310.734412000
1509097310.734502000
1509097310.734715000
1509097310.734829000
1509097310.734956000
1509097310.735081000
1509097310.735204000
1509097310.735212000
1509097310.745112000
1509097310.745232000
1509097310.745255000
1509097310.745477000
1509097310.745501000
1509097310.745600000
1509097310.745805000
1509097310.745935000
1509097310.745949000
1509097310.746173000
1509097310.746296000
1509097310.746306000
1509097310.746490000
1509097310.746604000
1509097310.746726000
1509097310.746878000
1509097310.746894000
1509097310.746972000
1509097310.760653000
1509097310.760773000
1509097310.760903000
1509097310.761029000
1509097310.761151000
1509097310.761267000
1509097310.772634000
1509097310.772757000
1509097310.772891000
1509097310.789304000
1509097310.789334000
1509097310.789426000
1509097310.789594000
1509097310.789632000
1509097310.789836000
1509097310.789856000
1509097310.790087000
1509097310.790109000
1509097310.790267000
1509097310.790389000
1509097310.790512000
1509097310.790636000
1509097310.790764000
1509097310.790775000
1509097310.800485000
1509097310.800608000
1509097310.800731000
1509097310.800854000
1509097310.800977000
1509097310.800991000
1509097310.801190000
1509097310.801203000
1509097310.801427000
1509097310.801558000
1509097310.801572000
1509097310.801673000
1509097310.801878000
1509097310.801893000
1509097310.802124000
1509097310.802138000
1509097310.802376000
1509097310.802389000
1509097310.802560000
1509097310.802684000
1509097310.802807000
1509097310.802923000
1509097310.803045000
1509097310.803055000
1509097310.803258000
1509097310.803373000
1509097310.803502000
1509097310.803626000
1509097310.803742000
1509097310.803754000
1509097310.803952000
1509097310.804070000
1509097310.804099000
1509097310.804322000
1509097310.804446000
1509097310.804561000
1509097310.804683000
1509097310.804814000
1509097310.804829000
1509097310.805052000
1509097310.805184000
1509097310.805193000
1509097310.811198000
1509097310.811327000
1509097310.811365000
1509097310.811573000
1509097310.811688000
1509097310.811701000
1509097310.811901000
1509097310.812023000
1509097310.812139000
1509097310.812261000
1509097310.812391000
1509097310.812418000
1509097310.812610000
1509097310.812627000
1509097310.812855000
1509097310.843546000
1509097310.843595000
1509097310.903079000
1509097310.903112000
1509097310.903323000
1509097310.903335000
1509097310.903567000
1509097310.903593000
1509097310.903811000
1509097310.930388000
1509097310.930426000
1509097310.930632000
1509097310.930663000
1509097310.930756000
1509097310.930998000
1509097310.931010000
1509097310.931233000
1509097310.931256000
1509097310.931479000
1509097310.931493000
1509097310.931676000
1509097310.931799000
1509097310.931922000
1509097310.932045000
1509097310.932168000
1509097310.932183000
1509097310.932380000
1509097310.932391000
1509097310.932618000
1509097310.932749000
1509097310.932762000
1509097310.932844000
1509097310.941269000
1509097310.941283000
1509097310.941506000
1509097310.941634000
1509097310.941761000
1509097310.941789000
1509097310.941957000
1509097310.942080000
1509097310.942211000
1509097310.942222000
1509097310.942453000
1509097310.942580000
1509097310.942593000
1509097310.942817000
1509097310.958414000
1509097310.958627000
1509097310.958750000
1509097310.958873000
1509097310.958996000
1509097310.959119000
1509097310.972000000
1509097310.972122000
1509097310.972142000
1509097310.972351000
1509097310.972396000
1509097310.972601000
1509097310.972620000
1509097310.972840000
1509097310.972856000
1509097310.973053000
1509097310.973068000
1509097310.973270000
1509097310.973393000
1509097310.973543000
1509097310.973558000
1509097310.973720000
1509097310.973850000
1509097310.973974000
1509097310.974089000
1509097310.974212000
1509097310.974219000
1509097310.988365000
1509097310.988397000
1509097310.988609000
1509097310.988732000
1509097310.988855000
1509097310.988872000
1509097310.989064000
1509097310.989189000
1509097310.989306000
1509097310.989436000
1509097310.989457000
1509097310.989551000
1509097310.989756000
1509097310.989887000
1509097310.989904000
1509097310.990125000
1509097310.990248000
1509097310.990257000
1509097310.990453000
1509097310.990576000
1509097310.990699000
1509097310.990828000
1509097310.990845000
1509097310.990946000
1509097310.991149000
1509097310.991281000
1509097310.991295000
1509097310.991518000
1509097310.991538000
1509097310.991641000
1509097310.991825000
1509097310.991947000
1509097310.992078000
1509097310.992200000
1509097310.992317000
1509097310.992332000
1509097310.992522000
1509097310.992658000
1509097310.992672000
1509097310.992897000
1509097310.993020000
1509097310.993027000
1509097310.999260000
1509097310.999287000
1509097310.999505000
1509097310.999520000
1509097310.999751000
1509097310.999767000
1509097310.999941000
1509097311.012639000
1509097311.012762000
1509097311.012788000
1509097311.057567000
1509097311.057606000
1509097311.072216000
1509097311.072237000
1509097311.072453000
1509097311.072576000
1509097311.072596000
1509097311.111117000
1509097311.111329000
1509097311.111363000
1509097311.111568000
1509097311.111691000
1509097311.111812000
1509097311.111828000
1509097311.112019000
1509097311.112155000
1509097311.112169000
1509097311.112388000
1509097311.112518000
1509097311.112527000
1509097311.112713000
1509097311.112834000
1509097311.112968000
1509097311.112979000
1509097311.113206000
1509097311.113221000
1509097311.113397000
1509097311.113513000
1509097311.113636000
1509097311.113766000
1509097311.113882000
1509097311.113894000
1509097311.122404000
1509097311.122525000
1509097311.122550000
1509097311.122771000
1509097311.122795000
1509097311.122893000
1509097311.123105000
1509097311.123117000
1509097311.123351000
1509097311.123360000
1509097311.123589000
1509097311.123604000
1509097311.123774000
1509097311.123896000
1509097311.124019000
1509097311.124149000
1509097311.124272000
1509097311.127705000
1509097311.127828000
1509097311.127952000
1509097311.128074000
1509097311.128205000
1509097311.128327000
1509097311.128443000
1509097311.128571000
1509097311.128696000
1509097311.141393000
1509097311.159204000
1509097311.159235000
1509097311.159437000
1509097311.159485000
1509097311.159675000
1509097311.159797000
1509097311.159928000
1509097311.159945000
1509097311.160125000
1509097311.160248000
1509097311.160379000
1509097311.160394000
1509097311.160617000
1509097311.160636000
1509097311.170224000
1509097311.170352000
1509097311.170395000
1509097311.170590000
1509097311.170737000
1509097311.170746000
1509097311.170925000
1509097311.171047000
1509097311.171163000
1509097311.171287000
1509097311.171417000
1509097311.171428000
1509097311.171614000
1509097311.171737000
1509097311.171861000
1509097311.171982000
1509097311.172105000
1509097311.172119000
1509097311.172318000
1509097311.172441000
1509097311.172455000
1509097311.172679000
1509097311.172802000
1509097311.172815000
1509097311.173007000
1509097311.173130000
1509097311.173154000
1509097311.173361000
1509097311.173478000
1509097311.173499000
1509097311.173682000
1509097311.173813000
1509097311.173928000
1509097311.174051000
1509097311.174181000
1509097311.174305000
1509097311.174425000
1509097311.174549000
1509097311.174673000
1509097311.174795000
1509097311.174873000
1509097311.180685000
1509097311.180705000
1509097311.180932000
1509097311.180954000
1509097311.181185000
1509097311.181198000
1509097311.181382000
1509097311.181525000
1509097311.181541000
1509097311.181757000
1509097311.181874000
1509097311.181894000
1509097311.182079000
1509097311.182202000
1509097311.182324000
1509097311.182453000
1509097311.182576000
1509097311.182693000
1509097311.182816000
1509097311.182939000
1509097311.183066000
1509097311.226752000
1509097311.226875000
1509097311.226920000
1509097311.241313000
1509097311.241367000
1509097311.292471000
1509097311.292493000
1509097311.292594000
1509097311.292810000
1509097311.292934000
1509097311.292964000
1509097311.293180000
1509097311.293303000
1509097311.293311000
1509097311.293509000
1509097311.293534000
1509097311.293754000
1509097311.293877000
1509097311.293899000
1509097311.293999000
1509097311.294184000
1509097311.294306000
1509097311.294428000
1509097311.294549000
1509097311.294676000
1509097311.294694000
1509097311.303427000
1509097311.303540000
1509097311.303678000
1509097311.303714000
1509097311.303915000
1509097311.303927000
1509097311.304114000
1509097311.304137000
1509097311.304363000
1509097311.304485000
1509097311.304611000
1509097311.304625000
1509097311.304813000
1509097311.304827000
1509097311.305057000
1509097311.305181000
1509097311.305200000
1509097311.305303000
1509097311.305488000
1509097311.305611000
1509097311.305734000
1509097311.305858000
1509097311.305979000
1509097311.305991000
1509097311.306189000
1509097311.306212000
1509097311.306428000
1509097311.306559000
1509097311.306676000
1509097311.306686000
1509097311.306880000
1509097311.307015000
1509097311.307036000
1509097311.307249000
1509097311.307372000
1509097311.328432000
1509097311.328452000
1509097311.328674000
1509097311.328756000
1509097311.328917000
1509097311.329040000
1509097311.329164000
1509097311.329287000
1509097311.329407000
1509097311.329534000
1509097311.329654000
1509097311.342852000
1509097311.342935000
1509097311.343090000
1509097311.343211000
1509097311.343343000
1509097311.343374000
1509097311.343464000
1509097311.343662000
1509097311.343686000
1509097311.343892000
1509097311.344032000
1509097311.344069000
1509097311.344162000
1509097311.344339000
1509097311.344461000
1509097311.344584000
1509097311.344706000
1509097311.344830000
1509097311.344845000
1509097311.345036000
1509097311.345157000
1509097311.345281000
1509097311.345403000
1509097311.345527000
1509097311.345539000
1509097311.345732000
1509097311.345854000
1509097311.345977000
1509097311.346098000
1509097311.346225000
1509097311.346246000
1509097311.346427000
1509097311.346549000
1509097311.346676000
1509097311.346692000
1509097311.346919000
1509097311.346930000
1509097311.353476000
1509097311.353516000
1509097311.353726000
1509097311.353841000
1509097311.353947000
1509097311.353962000
1509097311.354169000
1509097311.354291000
1509097311.354415000
1509097311.354537000
1509097311.354659000
1509097311.354670000
1509097311.354864000
1509097311.354888000
1509097311.355110000
1509097311.355232000
1509097311.355356000
1509097311.355370000
1509097311.355561000
1509097311.355580000
1509097311.355806000
1509097311.355930000
1509097311.355951000
1509097311.356051000
1509097311.356238000
1509097311.356360000
1509097311.356483000
1509097311.356605000
1509097311.356727000
1509097311.356738000
1509097311.356938000
1509097311.357055000
1509097311.357182000
1509097311.357302000
1509097311.357329000
1509097311.391629000
1509097311.391714000
1509097311.395995000
1509097311.396053000
1509097311.396235000
1509097311.410462000
1509097311.410510000
1509097311.410691000
1509097311.451680000
1509097311.451700000
1509097311.461869000
1509097311.474978000
1509097311.475022000
1509097311.475222000
1509097311.475250000
1509097311.475344000
1509097318.560413000
1509097318.560463000
1509097318.560659000
1509097318.560781000
1509097318.560922000
1509097318.560987000
1509097318.561130000
1509097318.561269000
1509097318.561286000
1509097318.561501000
1509097318.729555000
1509097318.729610000
1509097318.729807000
1509097318.729836000
1509097318.730052000
1509097318.730108000
1509097318.730291000
1509097318.730412000
1509097318.730540000
1509097318.730678000
1509097318.730699000
1509097318.730910000
1509097318.731047000
1509097318.731178000
1509097318.731194000
1509097318.731395000
1509097318.731518000
1509097318.731660000
1509097318.731680000
1509097318.731907000
1509097318.898775000
1509097318.898812000
1509097318.899026000
1509097318.899142000
1509097318.899265000
1509097318.899394000
1509097318.899421000
1509097318.899641000
1509097318.899756000
1509097318.899879000
1509097318.900002000
1509097318.900126000
1509097318.900248000
1509097318.900370000
1509097318.900494000
1509097318.900617000
1509097318.900740000
1509097318.900867000
1509097318.900989000
1509097318.901110000
1509097318.901231000
1509097318.901354000
1509097318.901477000
1509097318.901600000
1509097318.901725000
1509097318.901845000
1509097318.901968000
1509097318.902091000
1509097318.902215000
1509097318.902336000
1509097318.902462000
1509097318.902583000
1509097318.902706000
1509097319.068002000
1509097319.068015000
1509097319.068143000
1509097319.068364000
1509097319.068386000
1509097319.068611000
1509097319.068646000
1509097319.068856000
1509097319.068877000
1509097319.069102000
1509097319.069128000
1509097319.069345000
1509097319.069470000
1509097319.069593000
1509097319.069717000
1509097319.069839000
1509097319.069962000
1509097319.070084000
1509097319.070208000
1509097319.070330000
1509097319.070458000
1509097319.070576000
1509097319.070702000
1509097319.070823000
1509097319.070949000
1509097319.071067000
1509097319.071192000
1509097319.071314000
1509097319.071448000
1509097319.071465000
1509097319.071682000
1509097319.071806000
1509097319.071927000
1509097319.072054000
1509097319.072083000
1509097319.072304000
1509097319.072331000
1509097319.072543000
1509097319.072568000
1509097319.072788000
1509097319.072916000
1509097319.073035000
1509097319.073157000
1509097319.073280000
1509097319.073408000
1509097319.073526000
1509097319.073647000
1509097319.073771000
1509097319.111631000
1509097319.111666000
1509097319.237194000
1509097319.237239000
1509097319.237426000
1509097319.237478000
1509097319.237670000
1509097319.237811000
1509097319.237831000
1509097319.238037000
1509097319.238157000
1509097319.238304000
1509097319.238328000
1509097319.238529000
1509097319.238672000
1509097319.238799000
1509097319.238820000
1509097319.239020000
1509097319.239164000
1509097319.239193000
1509097319.239409000
1509097319.239536000
1509097319.239558000
1509097319.239778000
1509097319.239794000
1509097319.240003000
1509097319.240149000
1509097319.240270000
1509097319.240392000
1509097319.240412000
1509097319.240649000
1509097319.240660000
1509097319.240883000
1509097319.241006000
1509097319.241129000
1509097319.241153000
1509097319.241382000
1509097319.241392000
1509097319.241621000
1509097319.241743000
1509097319.241867000
1509097319.241888000
1509097319.242119000
1509097319.242130000
1509097319.242365000
1509097319.242374000
1509097319.242603000
1509097319.242726000
1509097319.242853000
1509097319.242980000
1509097319.243012000
1509097319.243225000
1509097319.243240000
1509097319.243463000
1509097319.243488000
1509097319.243709000
1509097319.243837000
1509097319.243858000
1509097319.244085000
1509097319.244201000
1509097319.244230000
1509097319.244448000
1509097319.244569000
1509097319.244693000
1509097319.244721000
1509097319.244946000
1509097319.244963000
1509097319.245184000
1509097319.245212000
1509097319.245429000
1509097319.245552000
1509097319.245676000
1509097319.245708000
1509097319.245929000
1509097319.280760000
1509097319.280805000
1509097319.281001000
1509097319.406332000
1509097319.406379000
1509097319.406570000
1509097319.406598000
1509097319.406812000
1509097319.406931000
1509097319.407053000
1509097319.407176000
1509097319.407299000
1509097319.407428000
1509097319.407452000
1509097319.407668000
1509097319.407791000
1509097319.407914000
1509097319.408037000
1509097319.408160000
1509097319.408291000
1509097319.408406000
1509097319.408529000
1509097319.408650000
1509097319.408774000
1509097319.408895000
1509097319.409027000
1509097319.409142000
1509097319.409274000
1509097319.409388000
1509097319.409511000
1509097319.409633000
1509097319.409757000
1509097319.409880000
1509097319.410003000
1509097319.410125000
1509097319.410247000
1509097319.410373000
1509097319.410498000
1509097319.410616000
1509097319.410744000
1509097319.410887000
1509097319.410906000
1509097319.411129000
1509097319.411147000
1509097319.411355000
1509097319.411389000
1509097319.411601000
1509097319.411721000
1509097319.411867000
1509097319.411892000
1509097319.412113000
1509097319.412140000
1509097319.412358000
1509097319.412383000
1509097319.412604000
1509097319.412623000
1509097319.412850000
1509097319.412877000
1509097319.413099000
1509097319.413120000
1509097319.413320000
1509097319.413463000
1509097319.413483000
1509097319.413721000
1509097319.413732000
1509097319.413955000
1509097319.414077000
1509097319.414209000
1509097319.414223000
1509097319.414445000
1509097319.414577000
1509097319.414593000
1509097319.414819000
1509097319.414846000
1509097319.415067000
1509097319.415088000
1509097319.415313000
1509097319.415322000
1509097319.415551000
1509097319.415681000
1509097319.415809000
1509097319.415820000
1509097326.897061000
1509097326.897115000
1509097326.897314000
1509097326.897349000
1509097326.897555000
1509097326.897574000
1509097326.897779000
1509097326.897806000
1509097326.898023000
1509097326.898146000
1509097327.066197000
1509097327.066250000
1509097327.066436000
1509097327.066500000
1509097327.066672000
1509097327.066794000
1509097327.066918000
1509097327.067041000
1509097327.067168000
1509097327.067292000
1509097327.067410000
1509097327.067531000
1509097327.067655000
1509097327.067782000
1509097327.067899000
1509097327.068027000
1509097327.068151000
1509097327.068269000
1509097327.068392000
1509097327.068516000
1509097327.235372000
1509097327.235415000
1509097327.235636000
1509097327.235670000
1509097327.235875000
1509097327.235890000
1509097327.236125000
1509097327.236138000
1509097327.236372000
1509097327.236384000
1509097327.236610000
1509097327.236741000
1509097327.236755000
1509097327.236980000
1509097327.236997000
1509097327.237233000
1509097327.237247000
1509097327.237470000
1509097327.237491000
1509097327.237717000
1509097327.237845000
1509097327.237962000
1509097327.238084000
1509097327.238215000
1509097327.238227000
1509097327.238453000
1509097327.238575000
1509097327.238697000
1509097327.238822000
1509097327.238945000
1509097327.239076000
1509097327.239198000
1509097327.239314000
1509097327.404501000
1509097327.404533000
1509097327.404751000
1509097327.404792000
1509097327.405000000
1509097327.405115000
1509097327.405238000
1509097327.405361000
1509097327.405484000
1509097327.405607000
1509097327.405750000
1509097327.405767000
1509097327.405974000
1509097327.406095000
1509097327.406228000
1509097327.406344000
1509097327.406467000
1509097327.406589000
1509097327.406720000
1509097327.406836000
1509097327.406978000
1509097327.406994000
1509097327.407204000
1509097327.407348000
1509097327.407369000
1509097327.407597000
1509097327.407614000
1509097327.407839000
1509097327.407853000
1509097327.408065000
1509097327.408207000
1509097327.408332000
1509097327.408346000
1509097327.408556000
1509097327.408678000
1509097327.408821000
1509097327.408944000
1509097327.409068000
1509097327.409086000
1509097327.409313000
1509097327.409334000
1509097327.409559000
1509097327.409576000
1509097327.409804000
1509097327.409927000
1509097327.410051000
1509097327.410174000
1509097327.410296000
1509097327.447577000
1509097327.447614000
1509097327.573662000
1509097327.573696000
1509097327.573906000
1509097327.574030000
1509097327.574154000
1509097327.574193000
1509097327.574405000
1509097327.574520000
1509097327.574644000
1509097327.574769000
1509097327.574889000
1509097327.575012000
1509097327.575135000
1509097327.575258000
1509097327.575381000
1509097327.575503000
1509097327.575626000
1509097327.575749000
1509097327.575874000
1509097327.575995000
1509097327.576118000
1509097327.576241000
1509097327.576364000
1509097327.576487000
1509097327.576610000
1509097327.576733000
1509097327.576856000
1509097327.576978000
1509097327.577102000
1509097327.577254000
1509097327.577269000
1509097327.577470000
1509097327.577593000
1509097327.577734000
1509097327.577756000
1509097327.577962000
1509097327.578105000
1509097327.578228000
1509097327.578250000
1509097327.578460000
1509097327.578589000
1509097327.578720000
1509097327.578736000
1509097327.578973000
1509097327.578987000
1509097327.579190000
1509097327.579340000
1509097327.579349000
1509097327.579580000
1509097327.579702000
1509097327.579825000
1509097327.579948000
1509097327.580078000
1509097327.580085000
1509097327.580316000
1509097327.580440000
1509097327.580562000
1509097327.580686000
1509097327.580808000
1509097327.580931000
1509097327.581061000
1509097327.581184000
1509097327.581196000
1509097327.581423000
1509097327.581552000
1509097327.581676000
1509097327.581689000
1509097327.581915000
1509097327.582034000
1509097327.582167000
1509097327.582283000
1509097327.582406000
1509097327.616688000
1509097327.616832000
1509097327.616854000
1509097327.742872000
1509097327.742912000
1509097327.743107000
1509097327.743239000
1509097327.743272000
1509097327.743476000
1509097327.743597000
1509097327.743720000
1509097327.743845000
1509097327.743866000
1509097327.744090000
1509097327.744213000
1509097327.744235000
1509097327.744459000
1509097327.744582000
1509097327.744705000
1509097327.744727000
1509097327.744950000
1509097327.745072000
1509097327.745202000
1509097327.745224000
1509097327.745450000
1509097327.745463000
1509097327.745688000
1509097327.745811000
1509097327.745934000
1509097327.745955000
1509097327.746179000
1509097327.746303000
1509097327.746425000
1509097327.746447000
1509097327.746672000
1509097327.746794000
1509097327.746917000
1509097327.747039000
1509097327.747163000
1509097327.747285000
1509097327.747408000
1509097327.747531000
1509097327.747655000
1509097327.747777000
1509097327.747904000
1509097327.748024000
1509097327.748146000
1509097327.748269000
1509097327.748391000
1509097327.748515000
1509097327.748638000
1509097327.748760000
1509097327.748884000
1509097327.749006000
1509097327.749129000
1509097327.749252000
1509097327.749372000
1509097327.749499000
1509097327.749621000
1509097327.749743000
1509097327.749866000
1509097327.749989000
1509097327.750112000
1509097327.750234000
1509097327.750362000
1509097327.750480000
1509097327.750610000
1509097327.750631000
1509097327.752671000
1509097327.752795000
1509097327.752817000
1509097327.753040000
1509097327.753162000
1509097327.753176000
1509097327.753349000
1509097327.753503000
1509097327.753517000
1509097327.753733000
1509097327.753756000
1509097327.753859000
1509097327.754053000
1509097327.754166000
1509097327.754290000
1509097327.754412000
1509097327.754535000
1509097327.754546000
1509097327.754747000
1509097327.754862000
1509097327.754985000
1509097327.755108000
1509097327.755231000
1509097327.755248000
1509097327.755436000
1509097327.755562000
1509097327.755582000
1509097327.755805000
1509097327.755928000
1509097327.755937000
1509097327.785890000
1509097327.786035000
1509097327.786076000
1509097327.828550000
1509097327.828578000
1509097327.912076000
1509097327.912108000
1509097327.912315000
1509097327.912351000
1509097327.912538000
1509097327.912678000
1509097327.912809000
1509097327.912823000
1509097327.913048000
1509097327.913068000
1509097327.913292000
1509097327.913415000
1509097327.913444000
1509097327.913648000
1509097327.913784000
1509097327.913907000
1509097327.914030000
1509097327.914153000
1509097327.914177000
1509097327.914402000
1509097327.914422000
1509097327.914644000
1509097327.914671000
1509097327.914897000
1509097327.914912000
1509097327.915135000
1509097327.915258000
1509097327.915382000
1509097327.915403000
1509097327.915627000
1509097327.915756000
1509097327.915874000
1509097327.915898000
1509097327.916118000
1509097327.916242000
1509097327.916364000
1509097327.916487000
1509097327.916610000
1509097327.916733000
1509097327.916861000
1509097327.916884000
1509097327.917109000
1509097327.917124000
1509097327.917349000
1509097327.917469000
1509097327.917592000
1509097327.917715000
1509097327.917838000
1509097327.917966000
1509097327.918084000
1509097327.918207000
1509097327.918330000
1509097327.918461000
1509097327.918583000
1509097327.918698000
1509097327.918823000
1509097327.918951000
1509097327.919074000
1509097327.919191000
1509097327.919313000
1509097327.919443000
1509097327.919565000
1509097327.919575000
1509097327.919702000
1509097327.919832000
1509097327.919956000
1509097327.920071000
1509097327.920193000
1509097327.920201000
1509097327.920407000
1509097327.920528000
1509097327.920644000
1509097327.920767000
1509097327.920889000
1509097327.920901000
1509097327.921094000
1509097327.921117000
1509097327.921340000
1509097327.921469000
1509097327.921481000
1509097327.921709000
1509097327.921832000
1509097327.921955000
1509097327.922078000
1509097327.922103000
1509097327.922323000
1509097327.922446000
1509097327.922456000
