1509097218.000000000
1509097218.042662000
1509097218.085311000
1509097218.128027000
1509097218.154118000
1509097218.180259000
1509097218.206410000
1509097218.232608000
1509097218.258718000
1509097218.284844000
1509097218.310989000
1509097218.337137000
1509097218.363280000
1509097218.389438000
1509097218.415578000
1509097218.441720000
1509097218.467905000
1509097218.494025000
1509097218.520164000
1509097218.546305000
1509097218.572461000
1509097218.598629000
1509097218.624720000
1509097218.650875000
1509097218.677024000
1509097218.703187000
1509097218.729324000
1509097218.755442000
1509097218.781675000
1509097218.807771000
1509097218.833921000
1509097218.860101000
1509097218.886190000
1509097218.912355000
1509097218.938464000
1509097218.964618000
1509097218.990755000
1509097219.016896000
1509097219.043127000
1509097219.069246000
1509097219.095349000
1509097219.121488000
1509097219.147650000
1509097219.173775000
1509097219.199919000
1509097219.226083000
1509097219.252196000
1509097219.278371000
1509097219.304488000
1509097219.330630000
1509097219.356783000
1509097219.382936000
1509097219.409111000
1509097219.435246000
1509097219.461380000
1509097219.487511000
1509097219.513653000
1509097219.539813000
1509097219.565979000
1509097219.592075000
1509097219.618250000
1509097219.644373000
1509097219.670528000
1509097219.696652000
1509097219.722818000
1509097219.748949000
1509097219.775090000
1509097219.801223000
1509097219.827382000
1509097219.853538000
1509097219.879678000
1509097219.905832000
1509097219.931952000
1509097219.958119000
1509097219.984249000
1509097220.010430000
1509097220.036577000
1509097220.062707000
1509097220.088831000
1509097220.115015000
1509097220.141112000
1509097220.167265000
1509097220.193411000
1509097220.219560000
1509097220.245692000
1509097220.271846000
1509097220.297984000
1509097220.324150000
1509097220.350275000
1509097220.376437000
1509097220.402559000
1509097220.428710000
1509097220.454853000
1509097220.480983000
1509097220.507134000
1509097220.533276000
1509097220.559434000
1509097220.585573000
1509097220.611748000
1509097220.637856000
1509097220.664015000
1509097220.690154000
1509097220.716369000
1509097220.742449000
1509097220.768628000
1509097220.794735000
1509097220.820896000
1509097220.847015000
1509097220.873154000
1509097220.899314000
1509097220.925494000
1509097220.951594000
1509097220.977734000
1509097221.003901000
1509097221.030044000
1509097221.056173000
1509097221.082314000
1509097221.108476000
1509097221.134632000
1509097221.160796000
1509097221.186898000
1509097221.213067000
1509097221.239258000
1509097221.265364000
1509097221.291491000
1509097221.317629000
1509097221.343759000
1509097221.369926000
1509097221.396057000
1509097221.422208000
1509097221.448347000
1509097221.474495000
1509097221.500638000
1509097221.526819000
1509097221.552938000
1509097221.579111000
1509097221.605225000
1509097221.631371000
1509097221.657534000
1509097221.683732000
1509097221.709812000
1509097221.735959000
1509097221.762100000
1509097221.788218000
1509097221.814420000
1509097221.840549000
1509097221.866681000
1509097221.892810000
1509097221.918954000
1509097221.945120000
1509097221.971259000
1509097221.997391000
1509097222.023555000
1509097222.049699000
1509097222.075860000
1509097222.101963000
1509097222.128128000
1509097222.154289000
1509097222.180400000
1509097222.206550000
1509097222.232706000
1509097222.258873000
1509097222.284981000
1509097222.311133000
1509097222.337265000
1509097222.363497000
1509097222.389591000
1509097222.415742000
1509097222.441847000
1509097222.467985000
1509097222.494166000
1509097222.520298000
1509097222.546433000
1509097222.572595000
1509097222.598739000
1509097222.624873000
1509097222.651045000
1509097222.677176000
1509097222.703298000
1509097222.729470000
1509097222.755589000
1509097222.781761000
1509097222.807883000
1509097222.834087000
1509097222.860171000
1509097222.886346000
1509097222.912463000
1509097222.938615000
1509097222.964755000
1509097222.990890000
1509097223.017053000
1509097223.043167000
1509097223.069311000
1509097223.095492000
1509097223.121636000
1509097223.147751000
1509097223.173921000
1509097223.200055000
1509097223.226230000
1509097223.252337000
1509097223.278556000
1509097223.304622000
1509097223.330797000
1509097223.356868000
1509097223.383064000
1509097223.409197000
1509097223.435394000
1509097223.461523000
1509097223.487637000
1509097223.513777000
1509097223.539916000
1509097223.566084000
1509097223.592240000
1509097223.618379000
1509097223.644506000
1509097223.670654000
1509097223.696817000
1509097223.722977000
1509097223.749135000
1509097223.775223000
1509097223.801382000
1509097223.827531000
1509097223.853667000
1509097223.879813000
1509097223.905980000
1509097223.932097000
1509097223.958240000
1509097223.984378000
1509097224.010524000
1509097224.036692000
1509097224.062847000
1509097224.088972000
1509097224.115118000
1509097224.141262000
1509097224.167438000
1509097224.193566000
1509097224.219708000
1509097224.245819000
1509097224.272007000
1509097224.298202000
1509097224.324264000
1509097224.350410000
1509097224.376620000
1509097224.402688000
1509097224.428863000
1509097224.455043000
1509097224.481141000
1509097224.507292000
1509097224.533425000
1509097224.559592000
1509097224.585709000
1509097224.611887000
1509097224.638083000
1509097224.664131000
1509097224.690286000
1509097224.716449000
1509097224.742619000
1509097224.768744000
1509097224.794867000
1509097224.821028000
1509097224.847194000
1509097224.873333000
1509097224.899442000
1509097224.925586000
1509097224.951764000
1509097224.977884000
1509097225.004023000
1509097225.030165000
1509097225.056366000
1509097225.082468000
1509097225.108614000
1509097225.134801000
1509097225.160901000
1509097225.187065000
1509097225.213186000
1509097225.239396000
1509097225.265489000
1509097225.291636000
1509097225.317778000
1509097225.343918000
1509097225.370118000
1509097225.396223000
1509097225.422399000
1509097225.448496000
1509097225.474640000
1509097225.500801000
1509097225.526894000
1509097225.553066000
1509097225.579237000
1509097225.605353000
1509097225.631478000
1509097225.657647000
1509097225.683862000
1509097225.709959000
1509097225.736161000
1509097225.762231000
1509097225.788411000
1509097225.814690000
1509097225.840686000
1509097225.866810000
1509097225.892958000
1509097225.919095000
1509097225.945229000
1509097225.971369000
1509097225.997525000
1509097226.023689000
1509097226.049808000
1509097226.075959000
1509097226.102101000
1509097226.128247000
1509097226.154386000
1509097226.180528000
1509097226.206673000
1509097226.232898000
1509097226.259035000
1509097226.285201000
1509097226.311275000
1509097226.337418000
1509097226.363566000
1509097226.389689000
1509097226.415831000
1509097226.441969000
1509097226.468201000
1509097226.494268000
1509097226.520422000
1509097226.546570000
1509097226.572708000
1509097226.598891000
1509097226.625044000
1509097226.651131000
1509097226.677270000
1509097226.703421000
1509097226.729669000
1509097226.755795000
1509097226.781855000
1509097226.808018000
1509097226.834187000
1509097226.860305000
1509097226.886496000
1509097226.912624000
1509097226.938787000
1509097226.964935000
1509097226.991015000
1509097227.017179000
1509097227.043323000
1509097227.069453000
1509097227.095606000
1509097227.121774000
1509097227.147935000
1509097227.174052000
1509097227.200186000
1509097227.226343000
1509097227.252479000
1509097227.278633000
1509097227.304766000
1509097227.330950000
1509097227.357043000
1509097227.383222000
1509097227.409349000
1509097227.435477000
1509097227.461627000
1509097227.487758000
1509097227.513942000
1509097227.540057000
1509097227.566197000
1509097227.592336000
1509097227.618524000
1509097227.644648000
1509097227.670780000
1509097227.697121000
1509097227.723079000
1509097227.749236000
1509097227.775401000
1509097227.801495000
1509097227.827689000
1509097227.853829000
1509097227.879952000
1509097227.906098000
1509097227.932219000
1509097227.958379000
1509097227.984520000
1509097228.010663000
1509097228.036800000
1509097228.062940000
1509097228.089099000
1509097228.115249000
1509097228.141375000
1509097228.167520000
1509097228.193679000
1509097228.219823000
1509097228.245965000
1509097228.272138000
1509097228.298248000
1509097228.324408000
1509097228.350552000
1509097228.376801000
1509097228.403581000
1509097228.429005000
1509097228.455219000
1509097228.481286000
1509097228.507433000
1509097228.533547000
1509097228.559706000
1509097228.585845000
1509097228.611988000
1509097228.638139000
1509097228.664297000
1509097228.690443000
1509097228.716593000
1509097228.742711000
1509097228.768912000
1509097228.795029000
1509097228.821169000
1509097228.847323000
1509097228.873448000
1509097228.899599000
1509097228.925741000
1509097228.951881000
1509097228.978009000
1509097229.004176000
1509097229.030328000
1509097229.056459000
1509097229.082638000
1509097229.108754000
1509097229.134914000
1509097229.161046000
1509097229.187192000
1509097229.213315000
1509097229.239578000
1509097229.265704000
1509097229.291751000
1509097229.317909000
1509097229.344041000
1509097229.370215000
1509097229.396331000
1509097229.422485000
1509097229.448624000
1509097229.474834000
1509097229.500864000
1509097229.527058000
1509097229.553194000
1509097229.579365000
1509097229.605501000
1509097229.631652000
1509097229.657796000
1509097229.683951000
1509097229.710074000
1509097229.736248000
1509097229.762358000
1509097229.788580000
1509097229.816183000
1509097229.840847000
1509097229.866950000
1509097229.893099000
1509097229.919337000
1509097229.945390000
1509097229.971516000
1509097229.997678000
1509097230.023847000
1509097230.050017000
1509097230.076162000
1509097230.102228000
1509097230.128423000
1509097230.154559000
1509097230.180689000
1509097230.206843000
1509097230.233054000
1509097230.259150000
1509097230.285340000
1509097230.311416000
1509097230.337563000
1509097230.363705000
1509097230.389870000
1509097230.416006000
1509097230.442151000
1509097230.468276000
1509097230.494412000
1509097230.520576000
1509097230.546723000
1509097230.572890000
1509097230.598996000
1509097230.625165000
1509097230.651310000
1509097230.677457000
1509097230.703580000
1509097230.729739000
1509097230.755884000
1509097230.782021000
1509097230.808177000
1509097230.834325000
1509097230.860482000
1509097230.886646000
1509097230.912791000
1509097230.938921000
1509097230.965047000
1509097230.991222000
1509097231.017363000
1509097231.043467000
1509097231.069579000
1509097231.095738000
1509097231.121908000
1509097231.148030000
1509097231.174171000
1509097231.200311000
1509097231.226481000
1509097231.252619000
1509097231.278848000
1509097231.304889000
1509097231.331067000
1509097231.357188000
1509097231.383344000
1509097231.409485000
1509097231.435637000
1509097231.461787000
1509097231.487959000
1509097231.514050000
1509097231.540188000
1509097231.566366000
1509097231.592516000
1509097231.618680000
1509097231.644767000
1509097231.670945000
1509097231.697092000
1509097231.723232000
1509097231.749438000
1509097231.775492000
1509097231.801640000
1509097231.827812000
1509097231.853948000
1509097231.880082000
1509097231.906242000
1509097231.932391000
1509097231.958527000
1509097231.984664000
1509097232.010897000
1509097232.036959000
1509097232.063125000
1509097232.089230000
1509097232.115418000
1509097232.141558000
1509097232.167673000
1509097232.193841000
1509097232.219952000
1509097232.246167000
1509097232.272281000
1509097232.298391000
1509097232.324548000
1509097232.350674000
1509097232.376849000
1509097232.402972000
1509097232.429113000
1509097232.455257000
1509097232.481414000
1509097232.507570000
1509097232.533694000
1509097232.559889000
1509097232.585988000
1509097232.612161000
1509097232.638284000
1509097232.664418000
1509097232.690593000
1509097232.716715000
1509097232.742928000
1509097232.769017000
1509097232.795136000
1509097232.821300000
1509097232.847439000
1509097232.873579000
1509097232.899720000
1509097232.925878000
1509097232.952076000
1509097232.978170000
1509097233.004298000
1509097233.030439000
1509097233.056595000
1509097233.082736000
1509097233.108879000
1509097233.135019000
1509097233.161157000
1509097233.187317000
1509097233.213479000
1509097233.239650000
1509097233.265759000
1509097233.291902000
1509097233.318039000
1509097233.344203000
1509097233.370349000
1509097233.396627000
1509097233.422808000
1509097233.448770000
1509097233.474913000
1509097233.501045000
1509097233.527223000
1509097233.553356000
1509097233.579484000
1509097233.605623000
1509097233.631775000
1509097233.657948000
1509097233.684099000
1509097233.710207000
1509097233.736400000
1509097233.762516000
1509097233.788675000
1509097233.814857000
1509097233.840945000
1509097233.867094000
1509097233.893235000
1509097233.919368000
1509097233.945595000
1509097233.971643000
1509097233.997828000
1509097234.023966000
1509097234.050106000
1509097234.076195000
1509097234.102399000
1509097234.128539000
1509097234.154687000
1509097234.180841000
1509097234.206967000
1509097234.233122000
1509097234.259307000
1509097234.285385000
1509097234.311525000
1509097234.337686000
1509097234.363865000
1509097234.389993000
1509097234.416121000
1509097234.442274000
1509097234.468417000
1509097234.494546000
1509097234.520709000
1509097234.546829000
1509097234.572985000
1509097234.599124000
1509097234.625269000
1509097234.651472000
1509097234.677546000
1509097234.703706000
1509097234.729866000
1509097234.756019000
1509097234.782128000
1509097234.808287000
1509097234.834459000
1509097234.860592000
1509097234.886765000
1509097234.912867000
1509097234.939004000
1509097234.965253000
1509097234.991347000
1509097235.017446000
1509097235.043587000
1509097235.069735000
1509097235.095866000
1509097235.122074000
1509097235.148176000
1509097235.174317000
1509097235.200520000
1509097235.226583000
1509097235.252748000
1509097235.278910000
1509097235.305038000
1509097235.331185000
1509097235.357327000
1509097235.383525000
1509097235.409611000
1509097235.435750000
1509097235.461877000
1509097235.488064000
1509097235.514196000
1509097235.540370000
1509097235.566474000
1509097235.592661000
1509097235.618815000
1509097235.644923000
1509097235.671180000
1509097235.697213000
1509097235.723397000
1509097235.749519000
1509097235.775645000
1509097235.801776000
1509097235.827949000
1509097235.854089000
1509097235.880236000
1509097235.906369000
1509097235.932574000
1509097235.958665000
1509097235.984816000
1509097236.010955000
1509097236.037103000
1509097236.063238000
1509097236.089398000
1509097236.115538000
1509097236.141655000
1509097236.167798000
1509097236.194006000
1509097236.220116000
1509097236.246270000
1509097236.272398000
1509097236.298539000
1509097236.324706000
1509097236.350849000
1509097236.376996000
1509097236.403091000
1509097236.429264000
1509097236.455395000
1509097236.481545000
1509097236.507689000
1509097236.533923000
1509097236.560161000
1509097236.586138000
1509097236.612288000
1509097236.638425000
1509097236.664556000
1509097236.690705000
1509097236.716853000
1509097236.743030000
1509097236.769161000
1509097236.795314000
1509097236.821471000
1509097236.847562000
1509097236.873704000
1509097236.899879000
1509097236.926018000
1509097236.952167000
1509097236.978283000
1509097237.004442000
1509097237.030600000
1509097237.056722000
1509097237.082873000
1509097237.109033000
1509097237.135198000
1509097237.161329000
1509097237.187444000
1509097237.213609000
1509097237.239745000
1509097237.265892000
1509097237.292021000
1509097237.318169000
1509097237.344327000
1509097237.370463000
1509097237.396604000
1509097237.422776000
1509097237.448979000
1509097237.475041000
1509097237.501225000
1509097237.527326000
1509097237.553486000
1509097237.579625000
1509097237.605776000
1509097237.631954000
1509097237.658068000
1509097237.684190000
1509097237.710356000
1509097237.736485000
1509097237.762625000
1509097237.788776000
1509097237.814925000
1509097237.841096000
1509097237.867217000
1509097237.893354000
1509097237.919509000
1509097237.945654000
1509097237.971801000
1509097237.997932000
1509097238.024099000
1509097238.050244000
1509097238.076390000
1509097238.102531000
1509097238.128664000
1509097238.154804000
1509097238.180977000
1509097238.207104000
1509097238.233241000
1509097238.259383000
1509097238.285530000
1509097238.311686000
1509097238.337810000
1509097238.363977000
1509097238.390122000
1509097238.416270000
1509097238.442404000
1509097238.468539000
1509097238.494680000
1509097238.520840000
1509097238.546975000
1509097238.573135000
1509097238.599266000
1509097238.625649000
1509097238.651584000
1509097238.677703000
1509097238.703839000
1509097238.730006000
1509097238.756200000
1509097238.782273000
1509097238.808415000
1509097238.834618000
1509097238.860809000
1509097238.886862000
1509097238.913002000
1509097238.939184000
1509097238.965291000
1509097238.991451000
1509097239.017593000
1509097239.043806000
1509097239.069898000
1509097239.096033000
1509097239.122176000
1509097239.148305000
1509097239.174448000
1509097239.200662000
1509097239.226757000
1509097239.252870000
1509097239.279058000
1509097239.305191000
1509097239.331316000
1509097239.357468000
1509097239.383616000
1509097239.409740000
1509097239.435897000
1509097239.462069000
1509097239.488202000
1509097239.514336000
1509097239.540469000
1509097239.566621000
1509097239.592756000
1509097239.618946000
1509097239.645040000
1509097239.671221000
1509097239.697337000
1509097239.723478000
1509097239.749658000
1509097239.775789000
1509097239.801916000
1509097239.828095000
1509097239.854271000
1509097239.880377000
1509097239.906531000
1509097239.932689000
1509097239.958825000
1509097239.984964000
1509097240.011116000
1509097240.037236000
1509097240.063361000
1509097240.089502000
1509097240.115671000
1509097240.141819000
1509097240.167964000
1509097240.194094000
1509097240.220246000
1509097240.246407000
1509097240.272563000
1509097240.298682000
1509097240.324847000
1509097240.350941000
1509097240.377121000
1509097240.403278000
1509097240.429405000
1509097240.455547000
1509097240.481685000
1509097240.507838000
1509097240.533975000
1509097240.560107000
1509097240.586245000
1509097240.612423000
1509097240.638547000
1509097240.664705000
1509097240.690875000
1509097240.716997000
1509097240.743136000
1509097240.769270000
1509097240.795407000
1509097240.821575000
1509097240.847713000
1509097240.873850000
1509097240.899998000
1509097240.926137000
1509097240.952296000
1509097240.978430000
1509097241.004601000
1509097241.030749000
1509097241.056867000
1509097241.083029000
1509097241.109167000
1509097241.135298000
1509097241.161431000
1509097241.187600000
1509097241.213741000
1509097241.239859000
1509097241.266100000
1509097241.292182000
1509097241.318318000
1509097241.344486000
1509097241.370631000
1509097241.396744000
1509097241.422888000
1509097241.449042000
1509097241.475204000
1509097241.501387000
1509097241.527531000
1509097241.553617000
1509097241.579774000
1509097241.605991000
1509097241.632041000
1509097241.658207000
1509097241.684335000
1509097241.710488000
1509097241.736619000
1509097241.762791000
1509097241.788917000
1509097241.815970000
1509097241.841220000
1509097241.867393000
1509097241.893500000
1509097241.919639000
1509097241.945780000
1509097241.971919000
1509097241.998091000
1509097242.024228000
1509097242.050353000
1509097242.076613000
1509097242.102743000
1509097242.128833000
1509097242.154968000
1509097242.181087000
1509097242.207226000
1509097242.233376000
1509097242.259605000
1509097242.285677000
1509097242.311833000
1509097242.337982000
1509097242.364117000
1509097242.390288000
1509097242.416375000
1509097242.442548000
1509097242.468677000
1509097242.494877000
1509097242.520965000
1509097242.547107000
1509097242.573309000
1509097242.599450000
1509097242.625565000
1509097242.651683000
1509097242.677824000
1509097242.703978000
1509097242.730123000
1509097242.756364000
1509097242.782402000
1509097242.808568000
1509097242.834719000
1509097242.860863000
1509097242.887066000
1509097242.913148000
1509097242.939347000
1509097242.965424000
1509097242.991570000
1509097243.017705000
1509097243.043863000
1509097243.070006000
1509097243.096167000
1509097243.122287000
1509097243.148513000
1509097243.174582000
1509097243.200787000
1509097243.227081000
1509097243.253002000
1509097243.279175000
1509097243.305301000
1509097243.331442000
1509097243.357592000
1509097243.383755000
1509097243.409915000
1509097243.436024000
1509097243.462190000
1509097243.488305000
1509097243.514475000
1509097243.540603000
1509097243.566772000
1509097243.592923000
1509097243.619046000
1509097243.645184000
1509097243.671345000
1509097243.697475000
1509097243.723654000
1509097243.749794000
1509097243.775909000
1509097243.802048000
1509097243.828205000
1509097243.854383000
1509097243.880524000
1509097243.906628000
1509097243.932771000
1509097243.958923000
1509097243.985078000
1509097244.011214000
1509097244.037373000
1509097244.063509000
1509097244.089664000
1509097244.115804000
1509097244.141948000
1509097244.168085000
1509097244.194245000
1509097244.220393000
1509097244.246531000
1509097244.272676000
1509097244.298886000
1509097244.325013000
1509097244.351112000
1509097244.377256000
1509097244.403385000
1509097244.429563000
1509097244.455694000
1509097244.481825000
1509097244.507953000
1509097244.534108000
1509097244.560266000
1509097244.586418000
1509097244.612551000
1509097244.638668000
1509097244.664866000
1509097244.690979000
1509097244.717112000
1509097244.743270000
1509097244.769433000
1509097244.795569000
1509097244.821722000
1509097244.847845000
1509097244.874021000
1509097244.900140000
1509097244.926306000
1509097244.952442000
1509097244.978553000
1509097245.004712000
1509097245.030849000
1509097245.057001000
1509097245.083134000
1509097245.109289000
1509097245.135450000
1509097245.161582000
1509097245.187716000
1509097245.213897000
1509097245.240023000
1509097245.266191000
1509097245.292292000
1509097245.318435000
1509097245.344600000
1509097245.370743000
1509097245.396873000
1509097245.423034000
1509097245.449153000
1509097245.475313000
1509097245.501455000
1509097245.527621000
1509097245.553736000
1509097245.579901000
1509097245.606051000
1509097245.632189000
1509097245.658338000
1509097245.684458000
1509097245.710617000
1509097245.736764000
1509097245.762914000
1509097245.789067000
1509097245.816074000
1509097245.841366000
1509097245.867479000
1509097245.893618000
1509097245.919760000
1509097245.945916000
1509097245.972088000
1509097245.998209000
1509097246.024362000
1509097246.050512000
1509097246.076659000
1509097246.102790000
1509097246.128926000
1509097246.155093000
1509097246.181219000
1509097246.207360000
1509097246.233498000
1509097246.259657000
1509097246.285829000
1509097246.311990000
1509097246.338102000
1509097246.364258000
1509097246.390413000
1509097246.416559000
1509097246.442659000
1509097246.468832000
1509097246.494943000
1509097246.521103000
1509097246.547240000
1509097246.573381000
1509097246.599523000
1509097246.625706000
1509097246.651865000
1509097246.677986000
1509097246.704109000
1509097246.730256000
1509097246.756488000
1509097246.782550000
1509097246.808685000
1509097246.834888000
1509097246.861011000
1509097246.887125000
1509097246.913264000
1509097246.939403000
1509097246.965544000
1509097246.991704000
1509097247.017863000
1509097247.044005000
1509097247.070125000
1509097247.096284000
1509097247.122767000
1509097247.148590000
1509097247.174698000
1509097247.200866000
1509097247.226997000
1509097247.253192000
1509097247.279362000
1509097247.305477000
1509097247.331642000
1509097247.357765000
1509097247.383919000
1509097247.410054000
1509097247.436177000
1509097247.462305000
1509097247.488447000
1509097247.514590000
1509097247.540758000
1509097247.566899000
1509097247.593029000
1509097247.619183000
1509097247.645341000
1509097247.671496000
1509097247.697613000
1509097247.723753000
1509097247.749905000
1509097247.776059000
1509097247.802206000
1509097247.828350000
1509097247.854490000
1509097247.880628000
1509097247.906786000
1509097247.932945000
1509097247.959054000
1509097247.985194000
1509097248.011353000
1509097248.037527000
1509097248.063658000
1509097248.089774000
1509097248.115930000
1509097248.142109000
1509097248.168224000
1509097248.194438000
1509097248.220512000
1509097248.246654000
1509097248.272881000
1509097248.298967000
1509097248.325076000
1509097248.351216000
1509097248.377384000
1509097248.403515000
1509097248.429666000
1509097248.455806000
1509097248.481965000
1509097248.508117000
1509097248.534237000
1509097248.560387000
1509097248.586518000
1509097248.612701000
1509097248.638829000
1509097248.664967000
1509097248.691100000
1509097248.717268000
1509097248.743437000
1509097248.769575000
1509097248.795682000
1509097248.821852000
1509097248.847993000
1509097248.874137000
1509097248.900280000
1509097248.926463000
1509097248.952591000
1509097248.978708000
1509097249.004852000
1509097249.030982000
1509097249.057151000
1509097249.083346000
1509097249.109423000
1509097249.135562000
1509097249.161701000
1509097249.187868000
1509097249.214001000
1509097249.240141000
1509097249.266312000
1509097249.292441000
1509097249.318581000
1509097249.344740000
1509097249.370880000
1509097249.397070000
1509097249.423184000
1509097249.449301000
1509097249.475441000
1509097249.501606000
1509097249.527745000
1509097249.553892000
1509097249.580023000
1509097249.606162000
1509097249.632305000
1509097249.658463000
1509097249.684605000
1509097249.710775000
1509097249.736905000
1509097249.763066000
1509097249.789204000
1509097249.820352000
1509097249.841486000
1509097249.867642000
1509097249.893789000
1509097249.919908000
1509097249.946046000
1509097249.972197000
1509097249.998348000
1509097250.024522000
1509097250.050626000
1509097250.076787000
1509097250.102918000
1509097250.129067000
1509097250.155208000
1509097250.181347000
1509097250.207489000
1509097250.233648000
1509097250.259801000
1509097250.285952000
1509097250.312091000
1509097250.338228000
1509097250.364380000
1509097250.390524000
1509097250.416654000
1509097250.442789000
1509097250.468948000
1509097250.495091000
1509097250.521233000
1509097250.547370000
1509097250.573530000
1509097250.599672000
1509097250.625832000
1509097250.651953000
1509097250.678109000
1509097250.704250000
1509097250.730391000
1509097250.756543000
1509097250.782694000
1509097250.808841000
1509097250.834979000
1509097250.861113000
1509097250.887251000
1509097250.913430000
1509097250.939554000
1509097250.965692000
1509097250.991848000
1509097251.017976000
1509097251.044131000
1509097251.070272000
1509097251.096412000
1509097251.122605000
1509097251.148714000
1509097251.174863000
1509097251.200993000
1509097251.227140000
1509097251.253281000
1509097251.279487000
1509097251.305578000
1509097251.331715000
1509097251.357919000
1509097251.384023000
1509097251.410159000
1509097251.436324000
1509097251.462456000
1509097251.488594000
1509097251.514765000
1509097251.540877000
1509097251.567018000
1509097251.593156000
1509097251.619328000
1509097251.645457000
1509097251.671597000
1509097251.697748000
1509097251.723897000
1509097251.750036000
1509097251.776261000
1509097251.802315000
1509097251.828472000
1509097251.854619000
1509097251.880770000
1509097251.906901000
1509097251.933050000
1509097251.959206000
1509097251.985371000
1509097252.011480000
1509097252.037631000
1509097252.063756000
1509097252.089918000
1509097252.116078000
1509097252.142241000
1509097252.168363000
1509097252.194500000
1509097252.220670000
1509097252.246782000
1509097252.273002000
1509097252.299032000
1509097252.325226000
1509097252.351382000
1509097252.377511000
1509097252.403645000
1509097252.429839000
1509097252.455941000
1509097252.482088000
1509097252.508224000
1509097252.534434000
1509097252.560542000
1509097252.586662000
1509097252.612804000
1509097252.638960000
1509097252.665104000
1509097252.691243000
1509097252.717412000
1509097252.743538000
1509097252.769707000
1509097252.795843000
1509097252.821982000
1509097252.848111000
1509097252.874256000
1509097252.900411000
1509097252.926545000
1509097252.952683000
1509097252.978823000
1509097253.004996000
1509097253.031167000
1509097253.057264000
1509097253.083402000
1509097253.109545000
1509097253.135713000
1509097253.161889000
1509097253.188015000
1509097253.214128000
1509097253.240282000
1509097253.266452000
1509097253.292565000
1509097253.318731000
1509097253.344873000
1509097253.371014000
1509097253.397143000
1509097253.423289000
1509097253.449436000
1509097253.475583000
1509097253.501749000
1509097253.527859000
1509097253.554007000
1509097253.580176000
1509097253.606320000
1509097253.632447000
1509097253.658586000
1509097253.684726000
1509097253.710891000
1509097253.737026000
1509097253.763178000
1509097253.789376000
1509097253.815486000
1509097253.841625000
1509097253.867761000
1509097253.893927000
1509097253.920053000
1509097253.946210000
1509097253.972379000
1509097253.998477000
1509097254.024615000
1509097254.050767000
1509097254.076948000
1509097254.103043000
1509097254.129191000
1509097254.155349000
1509097254.181489000
1509097254.207668000
1509097254.233770000
1509097254.259890000
1509097254.286179000
1509097254.312216000
1509097254.338363000
1509097254.364575000
1509097254.390691000
1509097254.416807000
1509097254.442952000
1509097254.469081000
1509097254.495212000
1509097254.521397000
1509097254.547517000
1509097254.573653000
1509097254.599793000
1509097254.625955000
1509097254.652103000
1509097254.678232000
1509097254.704385000
1509097254.730517000
1509097254.756673000
1509097254.782847000
1509097254.808981000
1509097254.835117000
1509097254.861285000
1509097254.887411000
1509097254.913560000
1509097254.939675000
1509097254.965815000
1509097254.991983000
1509097255.018138000
1509097255.044261000
1509097255.070397000
1509097255.096556000
1509097255.122722000
1509097255.148864000
1509097255.174992000
1509097255.201138000
1509097255.227288000
1509097255.253425000
1509097255.279583000
1509097255.305713000
1509097255.331858000
1509097255.357997000
1509097255.384143000
1509097255.410303000
1509097255.436443000
1509097255.462582000
1509097255.488711000
1509097255.514868000
1509097255.541003000
1509097255.567163000
1509097255.593300000
1509097255.619445000
1509097255.645584000
1509097255.671743000
1509097255.697881000
1509097255.724041000
1509097255.750167000
1509097255.776399000
1509097255.802455000
1509097255.828614000
1509097255.854751000
1509097255.880892000
1509097255.907055000
1509097255.933191000
1509097255.959322000
1509097255.985462000
1509097256.011670000
1509097256.037783000
1509097256.063922000
1509097256.090043000
1509097256.116239000
1509097256.142358000
1509097256.168520000
1509097256.194623000
1509097256.220779000
1509097256.246925000
1509097256.273129000
1509097256.299239000
1509097256.325374000
1509097256.351490000
1509097256.377668000
1509097256.403785000
1509097256.429962000
1509097256.456067000
1509097256.482225000
1509097256.508373000
1509097256.534532000
1509097256.560649000
1509097256.586799000
1509097256.612970000
1509097256.639104000
1509097256.665253000
1509097256.691380000
1509097256.717535000
1509097256.743670000
1509097256.769824000
1509097256.795963000
1509097256.822134000
1509097256.848269000
1509097256.874390000
1509097256.900527000
1509097256.926694000
1509097256.952828000
1509097256.978967000
1509097257.005111000
1509097257.031292000
1509097257.057439000
1509097257.083547000
1509097257.109714000
1509097257.135856000
1509097257.162015000
1509097257.188138000
1509097257.214298000
1509097257.240420000
1509097257.266582000
1509097257.292733000
1509097257.318864000
1509097257.344991000
1509097257.371142000
1509097257.397270000
1509097257.423434000
1509097257.449590000
1509097257.475711000
1509097257.502228000
1509097257.528056000
1509097257.554181000
1509097257.580303000
1509097257.606448000
1509097257.632600000
1509097257.658770000
1509097257.684873000
1509097257.711017000
1509097257.737167000
1509097257.763324000
1509097257.789495000
1509097257.816068000
1509097257.841739000
1509097257.867940000
1509097257.894046000
1509097257.920198000
1509097257.946375000
1509097257.972523000
1509097257.998658000
1509097258.024789000
1509097258.050911000
1509097258.077052000
1509097258.108587000
1509097258.129359000
1509097258.155512000
1509097258.181639000
1509097258.207782000
1509097258.233941000
1509097258.260088000
1509097258.286218000
1509097258.312349000
1509097258.338512000
1509097258.364642000
1509097258.390795000
1509097258.416941000
1509097258.443070000
1509097258.469211000
1509097258.495361000
1509097258.521506000
1509097258.547652000
1509097258.573801000
1509097258.599941000
1509097258.626088000
1509097258.652263000
1509097258.678380000
1509097258.704529000
1509097258.730667000
1509097258.756814000
1509097258.783029000
1509097258.809106000
1509097258.835258000
1509097258.861402000
1509097258.887537000
1509097258.913695000
1509097258.939824000
1509097258.965991000
1509097258.992105000
1509097259.018265000
1509097259.044405000
1509097259.070578000
1509097259.096684000
1509097259.122824000
1509097259.148974000
1509097259.175125000
1509097259.201271000
1509097259.227408000
1509097259.253569000
1509097259.279796000
1509097259.305853000
1509097259.331984000
1509097259.358136000
1509097259.384285000
1509097259.410444000
1509097259.436568000
1509097259.462708000
1509097259.488888000
1509097259.515009000
1509097259.541148000
1509097259.567290000
1509097259.593420000
1509097259.619616000
1509097259.645750000
1509097259.671856000
1509097259.698019000
1509097259.724171000
1509097259.750320000
1509097259.776459000
1509097259.802583000
1509097259.828754000
1509097259.854901000
1509097259.881026000
1509097259.907179000
1509097259.933344000
1509097259.959492000
1509097259.985601000
1509097260.011753000
1509097260.037901000
1509097260.064032000
1509097260.090201000
1509097260.116334000
1509097260.142470000
1509097260.168613000
1509097260.194771000
1509097260.220927000
1509097260.247054000
1509097260.273191000
1509097260.299353000
1509097260.325539000
1509097260.351659000
1509097260.377864000
1509097260.403922000
1509097260.430073000
1509097260.456242000
1509097260.482353000
1509097260.508506000
1509097260.534652000
1509097260.560823000
1509097260.586943000
1509097260.613075000
1509097260.639214000
1509097260.665411000
1509097260.691599000
1509097260.717657000
1509097260.743797000
1509097260.769978000
1509097260.796152000
1509097260.822284000
1509097260.848403000
1509097260.874524000
1509097260.900675000
1509097260.926841000
1509097260.952958000
1509097260.979100000
1509097261.005261000
1509097261.031406000
1509097261.057549000
1509097261.083678000
1509097261.109842000
1509097261.135979000
1509097261.162119000
1509097261.188261000
1509097261.214415000
1509097261.240565000
1509097261.266740000
1509097261.292905000
1509097261.318982000
1509097261.345139000
1509097261.371291000
1509097261.397446000
1509097261.423601000
1509097261.449703000
1509097261.475860000
1509097261.501992000
1509097261.528142000
1509097261.554283000
1509097261.580441000
1509097261.606580000
1509097261.632722000
1509097261.658863000
1509097261.685015000
1509097261.711190000
1509097261.737302000
1509097261.763444000
1509097261.789656000
1509097261.817362000
1509097261.841915000
1509097261.868033000
1509097261.894162000
1509097261.920305000
1509097261.946462000
1509097261.972609000
1509097261.998758000
1509097262.024900000
1509097262.051042000
1509097262.077191000
1509097262.103317000
1509097262.129470000
1509097262.155640000
1509097262.181768000
1509097262.207863000
1509097262.234044000
1509097262.260232000
1509097262.286369000
1509097262.312505000
1509097262.338624000
1509097262.364765000
1509097262.390931000
1509097262.417068000
1509097262.443216000
1509097262.469344000
1509097262.495484000
1509097262.521656000
1509097262.547818000
1509097262.573935000
1509097262.600066000
1509097262.626249000
1509097262.652385000
1509097262.678516000
1509097262.704649000
1509097262.730805000
1509097262.756952000
1509097262.783119000
1509097262.809229000
1509097262.835404000
1509097262.861527000
1509097262.887710000
1509097262.913850000
1509097262.939950000
1509097262.966107000
1509097262.992255000
1509097263.018410000
1509097263.044534000
1509097263.070669000
1509097263.096827000
1509097263.122970000
1509097263.149136000
1509097263.175252000
1509097263.201867000
1509097263.227591000
1509097263.253703000
1509097263.279865000
1509097263.305973000
1509097263.332128000
1509097263.358271000
1509097263.384419000
1509097263.410552000
1509097263.436710000
1509097263.462849000
1509097263.488990000
1509097263.515158000
1509097263.541346000
1509097263.567444000
1509097263.593596000
1509097263.619726000
1509097263.645920000
1509097263.672022000
1509097263.698224000
1509097263.724310000
1509097263.750451000
1509097263.776612000
1509097263.802751000
1509097263.828946000
1509097263.855036000
1509097263.881170000
1509097263.907325000
1509097263.933462000
1509097263.959597000
1509097263.985758000
1509097264.011914000
1509097264.038069000
1509097264.064231000
1509097264.090326000
1509097264.116508000
1509097264.142637000
1509097264.168774000
1509097264.194888000
1509097264.221054000
1509097264.247205000
1509097264.273357000
1509097264.299503000
1509097264.325645000
1509097264.351779000
1509097264.377958000
1509097264.404074000
1509097264.430231000
1509097264.456367000
1509097264.482511000
1509097264.508669000
1509097264.534794000
1509097264.560926000
1509097264.587126000
1509097264.613228000
1509097264.639403000
1509097264.665532000
1509097264.691641000
1509097264.717824000
1509097264.743977000
1509097264.770083000
1509097264.796245000
1509097264.822398000
1509097264.848531000
1509097264.874666000
1509097264.900838000
1509097264.926961000
1509097264.953118000
1509097264.979245000
1509097265.005400000
1509097265.031552000
1509097265.057689000
1509097265.083848000
1509097265.109995000
1509097265.136107000
1509097265.162294000
1509097265.188459000
1509097265.214601000
1509097265.240725000
1509097265.266898000
1509097265.293016000
1509097265.319148000
1509097265.345272000
1509097265.371424000
1509097265.397570000
1509097265.423724000
1509097265.449862000
1509097265.476003000
1509097265.502134000
1509097265.528314000
1509097265.554432000
1509097265.580572000
1509097265.606729000
1509097265.632869000
1509097265.659008000
1509097265.685161000
1509097265.711289000
1509097265.737453000
1509097265.763612000
1509097265.789765000
1509097265.815935000
1509097265.842069000
1509097265.868177000
1509097265.894358000
1509097265.920464000
1509097265.946592000
1509097265.972745000
1509097265.998915000
1509097266.025035000
1509097266.051184000
1509097266.077321000
1509097266.103473000
1509097266.129616000
1509097266.155754000
1509097266.181870000
1509097266.208057000
1509097266.234196000
1509097266.260366000
1509097266.286496000
1509097266.312633000
1509097266.338776000
1509097266.364916000
1509097266.391054000
1509097266.417200000
1509097266.443356000
1509097266.469496000
1509097266.495643000
1509097266.521799000
1509097266.547918000
1509097266.574084000
1509097266.600223000
1509097266.626358000
1509097266.652512000
1509097266.678652000
1509097266.704795000
1509097266.730939000
1509097266.757075000
1509097266.783228000
1509097266.809398000
1509097266.835538000
1509097266.861741000
1509097266.887795000
1509097266.913967000
1509097266.940099000
1509097266.966236000
1509097266.992384000
1509097267.018589000
1509097267.044674000
1509097267.070819000
1509097267.096961000
1509097267.123107000
1509097267.149256000
1509097267.175427000
1509097267.201540000
1509097267.227702000
1509097267.253865000
1509097267.280022000
1509097267.306137000
1509097267.332264000
1509097267.358400000
1509097267.384559000
1509097267.410722000
1509097267.436851000
1509097267.462980000
1509097267.489148000
1509097267.515284000
1509097267.541423000
1509097267.567566000
1509097267.593705000
1509097267.619865000
1509097267.646012000
1509097267.672148000
1509097267.698317000
1509097267.724474000
1509097267.750582000
1509097267.776726000
1509097267.802868000
1509097267.829026000
1509097267.855168000
1509097267.881345000
1509097267.907459000
1509097267.933582000
1509097267.959758000
1509097267.985898000
1509097268.012047000
1509097268.038166000
1509097268.064310000
1509097268.090476000
1509097268.116607000
1509097268.142752000
1509097268.168889000
1509097268.195050000
1509097268.221242000
1509097268.247354000
1509097268.273489000
1509097268.299651000
1509097268.325794000
1509097268.351910000
1509097268.378049000
1509097268.404203000
1509097268.430358000
1509097268.456490000
1509097268.482630000
1509097268.508770000
1509097268.534926000
1509097268.561066000
1509097268.587232000
1509097268.613371000
1509097268.639492000
1509097268.665657000
1509097268.691819000
1509097268.717941000
1509097268.744071000
1509097268.770231000
1509097268.796391000
1509097268.822544000
1509097268.848660000
1509097268.874803000
1509097268.900968000
1509097268.927125000
1509097268.953234000
1509097268.979374000
1509097269.005545000
1509097269.031674000
1509097269.057825000
1509097269.083974000
1509097269.110113000
1509097269.136252000
1509097269.162404000
1509097269.188533000
1509097269.214705000
1509097269.240849000
1509097269.266992000
1509097269.293198000
1509097269.319261000
1509097269.345423000
1509097269.371551000
1509097269.397715000
1509097269.423842000
1509097269.449977000
1509097269.476145000
1509097269.502363000
1509097269.528437000
1509097269.554558000
1509097269.580716000
1509097269.606855000
1509097269.632997000
1509097269.659148000
1509097269.685278000
1509097269.711434000
1509097269.737578000
1509097269.763738000
1509097269.789891000
1509097269.816360000
1509097269.842165000
1509097269.868305000
1509097269.894441000
1509097269.920599000
1509097269.946734000
1509097269.972901000
1509097269.999020000
1509097270.025158000
1509097270.051315000
1509097270.077460000
1509097270.103605000
1509097270.129737000
1509097270.155903000
1509097270.182042000
1509097270.208180000
1509097270.234334000
1509097270.260451000
1509097270.286629000
1509097270.312758000
1509097270.338902000
1509097270.365038000
1509097270.391208000
1509097270.417351000
1509097270.443483000
1509097270.469621000
1509097270.495763000
1509097270.521923000
1509097270.548063000
1509097270.574202000
1509097270.600340000
1509097270.626503000
1509097270.652644000
1509097270.678779000
1509097270.704924000
1509097270.731063000
1509097270.757219000
1509097270.783359000
1509097270.809506000
1509097270.835667000
1509097270.861818000
1509097270.887956000
1509097270.914097000
1509097270.940246000
1509097270.966396000
1509097270.992621000
1509097271.018681000
1509097271.044822000
1509097271.070961000
1509097271.097119000
1509097271.123268000
1509097271.149398000
1509097271.175534000
1509097271.201696000
1509097271.227856000
1509097271.254170000
1509097271.280113000
1509097271.306264000
1509097271.332421000
1509097271.358567000
1509097271.384694000
1509097271.410830000
1509097271.436988000
1509097271.463135000
1509097271.489270000
1509097271.515408000
1509097271.541552000
1509097271.567704000
1509097271.593853000
1509097271.620010000
1509097271.646165000
1509097271.672307000
1509097271.698457000
1509097271.724609000
1509097271.750734000
1509097271.776866000
1509097271.803029000
1509097271.829168000
1509097271.855300000
1509097271.881430000
1509097271.907609000
1509097271.933728000
1509097271.959880000
1509097271.986037000
1509097272.012188000
1509097272.038388000
1509097272.064470000
1509097272.090605000
1509097272.116752000
1509097272.142900000
1509097272.169044000
1509097272.195184000
1509097272.221329000
1509097272.247506000
1509097272.273630000
1509097272.299772000
1509097272.325916000
1509097272.352043000
1509097272.378221000
1509097272.404348000
1509097272.430479000
1509097272.456627000
1509097272.482790000
1509097272.508919000
1509097272.535060000
1509097272.561204000
1509097272.587368000
1509097272.613546000
1509097272.639668000
1509097272.665791000
1509097272.691935000
1509097272.718095000
1509097272.744230000
1509097272.770372000
1509097272.796516000
1509097272.822686000
1509097272.848803000
1509097272.874933000
1509097272.901073000
1509097272.927239000
1509097272.953373000
1509097272.979513000
1509097273.005663000
1509097273.031822000
1509097273.057952000
1509097273.084096000
1509097273.110258000
1509097273.136385000
1509097273.162543000
1509097273.188688000
1509097273.214817000
1509097273.240957000
1509097273.267120000
1509097273.293278000
1509097273.319396000
1509097273.345539000
1509097273.371678000
1509097273.397818000
1509097273.424003000
1509097273.450121000
1509097273.476259000
1509097273.502412000
1509097273.528560000
1509097273.554699000
1509097273.580844000
1509097273.606992000
1509097273.633149000
1509097273.659471000
1509097273.685516000
1509097273.711636000
1509097273.737785000
1509097273.763882000
1509097273.790006000
1509097273.816775000
1509097273.842314000
1509097273.868451000
1509097273.894585000
1509097273.920751000
1509097273.946869000
1509097273.973011000
1509097273.999169000
1509097274.025325000
1509097274.051439000
1509097274.077592000
1509097274.103729000
1509097274.129878000
1509097274.156055000
1509097274.182164000
1509097274.208309000
1509097274.234469000
1509097274.260649000
1509097274.286749000
1509097274.312907000
1509097274.339066000
1509097274.365216000
1509097274.391359000
1509097274.417483000
1509097274.443631000
1509097274.469756000
1509097274.495907000
1509097274.522052000
1509097274.548218000
1509097274.574336000
1509097274.600485000
1509097274.626644000
1509097274.652790000
1509097274.678930000
1509097274.705065000
1509097274.731203000
1509097274.757348000
1509097274.783492000
1509097274.809661000
1509097274.835834000
1509097274.861929000
1509097274.888066000
1509097274.914278000
1509097274.940376000
1509097274.966506000
1509097274.992676000
1509097275.018821000
1509097275.044947000
1509097275.071118000
1509097275.097236000
1509097275.123395000
1509097275.149554000
1509097275.175667000
1509097275.201830000
1509097275.227961000
1509097275.254139000
1509097275.280249000
1509097275.306411000
1509097275.332529000
1509097275.358681000
1509097275.384844000
1509097275.410992000
1509097275.437110000
1509097275.463280000
1509097275.489409000
1509097275.515574000
1509097275.541692000
1509097275.567831000
1509097275.593974000
1509097275.620200000
1509097275.646313000
1509097275.672472000
1509097275.698617000
1509097275.724760000
1509097275.750893000
1509097275.776994000
1509097275.803144000
1509097275.829292000
1509097275.855431000
1509097275.881590000
1509097275.907746000
1509097275.933881000
1509097275.960055000
1509097275.986156000
1509097276.012308000
1509097276.038439000
1509097276.064626000
1509097276.090749000
1509097276.116898000
1509097276.143029000
1509097276.169178000
1509097276.195319000
1509097276.221457000
1509097276.247629000
1509097276.273738000
1509097276.299897000
1509097276.326033000
1509097276.352199000
1509097276.378337000
1509097276.404467000
1509097276.430663000
1509097276.456780000
1509097276.482920000
1509097276.509058000
1509097276.535206000
1509097276.561356000
1509097276.587486000
1509097276.613632000
1509097276.639794000
1509097276.665943000
1509097276.692059000
1509097276.718214000
1509097276.744348000
1509097276.770529000
1509097276.796673000
1509097276.822799000
1509097276.848931000
1509097276.875066000
1509097276.901252000
1509097276.927367000
1509097276.953511000
1509097276.979652000
1509097277.005815000
1509097277.031976000
1509097277.058105000
1509097277.084235000
1509097277.110386000
1509097277.136531000
1509097277.162699000
1509097277.188827000
1509097277.214946000
1509097277.241123000
1509097277.267284000
1509097277.293391000
1509097277.319548000
1509097277.345692000
1509097277.371828000
1509097277.397977000
1509097277.424107000
1509097277.450256000
1509097277.476415000
1509097277.502559000
1509097277.528708000
1509097277.554827000
1509097277.580998000
1509097277.607152000
1509097277.633277000
1509097277.659429000
1509097277.685597000
1509097277.711747000
1509097277.737845000
1509097277.763989000
1509097277.790141000
1509097277.816307000
1509097277.842444000
1509097277.868576000
1509097277.894744000
1509097277.920889000
1509097277.947018000
1509097277.973168000
1509097277.999292000
1509097278.025460000
1509097278.051587000
1509097278.077748000
1509097278.103872000
1509097278.130016000
1509097278.156220000
1509097278.182309000
1509097278.208531000
1509097278.234603000
1509097278.260840000
1509097278.286951000
1509097278.313115000
1509097278.339171000
1509097278.365327000
1509097278.391484000
1509097278.417619000
1509097278.443751000
1509097278.469890000
1509097278.496054000
1509097278.522202000
1509097278.548332000
1509097278.574476000
1509097278.600618000
1509097278.626769000
1509097278.652944000
1509097278.679063000
1509097278.705192000
1509097278.731351000
1509097278.757491000
1509097278.783643000
1509097278.809869000
1509097278.835974000
1509097278.862088000
1509097278.888227000
1509097278.914424000
1509097278.940507000
1509097278.966653000
1509097278.992795000
1509097279.018933000
1509097279.045090000
1509097279.071217000
1509097279.097376000
1509097279.123538000
1509097279.149657000
1509097279.175797000
1509097279.201958000
1509097279.228092000
1509097279.254245000
1509097279.280459000
1509097279.306560000
1509097279.332666000
1509097279.358832000
1509097279.384966000
1509097279.411121000
1509097279.437272000
1509097279.463432000
1509097279.489550000
1509097279.515684000
1509097279.541846000
1509097279.568052000
1509097279.594129000
1509097279.620258000
1509097279.646399000
1509097279.672568000
1509097279.698740000
1509097279.724874000
1509097279.750980000
1509097279.777148000
1509097279.803343000
1509097279.829443000
1509097279.855555000
1509097279.881711000
1509097279.907903000
1509097279.933997000
1509097279.960138000
1509097279.986298000
1509097280.012460000
1509097280.038619000
1509097280.064739000
1509097280.090879000
1509097280.117002000
1509097280.143168000
1509097280.169320000
1509097280.195441000
1509097280.221585000
1509097280.247766000
1509097280.273911000
1509097280.300032000
1509097280.326191000
1509097280.352302000
1509097280.378478000
1509097280.404623000
1509097280.430792000
1509097280.456922000
1509097280.483040000
1509097280.509183000
1509097280.535332000
1509097280.561474000
1509097280.587621000
1509097280.613791000
1509097280.639902000
1509097280.666053000
1509097280.692214000
1509097280.718355000
1509097280.744482000
1509097280.770623000
1509097280.796777000
1509097280.822956000
1509097280.849075000
1509097280.875227000
1509097280.901393000
1509097280.927502000
1509097280.953644000
1509097280.979909000
1509097281.005869000
1509097281.032105000
1509097281.058234000
1509097281.084395000
1509097281.110507000
1509097281.136645000
1509097281.162796000
1509097281.188946000
1509097281.215107000
1509097281.241238000
1509097281.267396000
1509097281.293556000
1509097281.319721000
1509097281.345807000
1509097281.371960000
1509097281.398144000
1509097281.424276000
1509097281.450422000
1509097281.476528000
1509097281.502665000
1509097281.528874000
1509097281.554970000
1509097281.581140000
1509097281.607253000
1509097281.633439000
1509097281.659568000
1509097281.685707000
1509097281.711848000
1509097281.737980000
1509097281.764127000
1509097281.790279000
1509097281.816802000
1509097281.842571000
1509097281.868722000
1509097281.894891000
1509097281.921025000
1509097281.947132000
1509097281.973271000
1509097281.999461000
1509097282.025621000
1509097282.051712000
1509097282.077863000
1509097282.104018000
1509097282.130163000
1509097282.156301000
1509097282.182443000
1509097282.208613000
1509097282.234742000
1509097282.260920000
1509097282.287024000
1509097282.313187000
1509097282.339334000
1509097282.365455000
1509097282.391593000
1509097282.417768000
1509097282.443928000
1509097282.470054000
1509097282.496180000
1509097282.522350000
1509097282.548473000
1509097282.574627000
1509097282.600756000
1509097282.626874000
1509097282.653075000
1509097282.679222000
1509097282.705366000
1509097282.731515000
1509097282.757640000
1509097282.783785000
1509097282.809945000
1509097282.836094000
1509097282.862228000
1509097282.888357000
1509097282.914527000
1509097282.940658000
1509097282.966796000
1509097282.992936000
1509097283.019093000
1509097283.045240000
1509097283.071379000
1509097283.097519000
1509097283.123669000
1509097283.149859000
1509097283.176002000
1509097283.203650000
1509097283.228284000
1509097283.254424000
1509097283.280579000
1509097283.306691000
1509097283.332826000
1509097283.358944000
1509097283.385114000
1509097283.411259000
1509097283.437405000
1509097283.463552000
1509097283.489686000
1509097283.515822000
1509097283.541968000
1509097283.568108000
1509097283.594252000
1509097283.620426000
1509097283.646567000
1509097283.672690000
1509097283.698832000
1509097283.725017000
1509097283.751131000
1509097283.777268000
1509097283.803420000
1509097283.829592000
1509097283.855713000
1509097283.881851000
1509097283.908013000
1509097283.934133000
1509097283.960293000
1509097283.986426000
1509097284.012580000
1509097284.038718000
1509097284.064869000
1509097284.091006000
1509097284.117149000
1509097284.143297000
1509097284.169430000
1509097284.195612000
1509097284.221751000
1509097284.247873000
1509097284.274011000
1509097284.300187000
1509097284.326311000
1509097284.352464000
1509097284.378594000
1509097284.404732000
1509097284.430897000
1509097284.457039000
1509097284.483173000
1509097284.509323000
1509097284.535475000
1509097284.561614000
1509097284.587768000
1509097284.613894000
1509097284.640053000
1509097284.666196000
1509097284.692357000
1509097284.718480000
1509097284.744627000
1509097284.770775000
1509097284.796914000
1509097284.823092000
1509097284.849207000
1509097284.875356000
1509097284.901501000
1509097284.927639000
1509097284.953777000
1509097284.979917000
1509097285.006079000
1509097285.032231000
1509097285.058361000
1509097285.084508000
1509097285.110675000
1509097285.136806000
1509097285.162944000
1509097285.189074000
1509097285.215212000
1509097285.241387000
1509097285.267514000
1509097285.293654000
1509097285.319810000
1509097285.345968000
1509097285.372094000
1509097285.398238000
1509097285.424391000
1509097285.450517000
1509097285.476679000
1509097285.502813000
1509097285.528962000
1509097285.555101000
1509097285.581261000
1509097285.607423000
1509097285.633539000
1509097285.659672000
1509097285.685823000
1509097285.711989000
1509097285.738122000
1509097285.764263000
1509097285.790398000
1509097285.816570000
1509097285.842708000
1509097285.868880000
1509097285.894980000
1509097285.921146000
1509097285.947283000
1509097285.973423000
1509097285.999563000
1509097286.025729000
1509097286.051859000
1509097286.078004000
1509097286.104143000
1509097286.130288000
1509097286.156439000
1509097286.182584000
1509097286.208727000
1509097286.234861000
1509097286.261013000
1509097286.287181000
1509097286.313319000
1509097286.339455000
1509097286.365596000
1509097286.391761000
1509097286.417894000
1509097286.444030000
1509097286.470175000
1509097286.496312000
1509097286.522489000
1509097286.548603000
1509097286.574759000
1509097286.600901000
1509097286.627056000
1509097286.653183000
1509097286.679332000
1509097286.705468000
1509097286.731624000
1509097286.757762000
1509097286.783908000
1509097286.810073000
1509097286.836201000
1509097286.862353000
1509097286.888511000
1509097286.914649000
1509097286.940792000
1509097286.966953000
1509097286.993068000
1509097287.019223000
1509097287.045364000
1509097287.071497000
1509097287.097646000
1509097287.123802000
1509097287.149930000
1509097287.176088000
1509097287.202229000
1509097287.228404000
1509097287.254538000
1509097287.280651000
1509097287.306802000
1509097287.332946000
1509097287.359088000
1509097287.385276000
1509097287.411380000
1509097287.437545000
1509097287.463674000
1509097287.489824000
1509097287.515970000
1509097287.542119000
1509097287.568258000
1509097287.594392000
1509097287.620533000
1509097287.646676000
1509097287.672833000
1509097287.698973000
1509097287.725114000
1509097287.751266000
1509097287.777418000
1509097287.803561000
1509097287.829718000
1509097287.855844000
1509097287.881976000
1509097287.908144000
1509097287.934279000
1509097287.960418000
1509097287.986556000
1509097288.012711000
1509097288.038852000
1509097288.064998000
1509097288.091138000
1509097288.117303000
1509097288.143442000
1509097288.169602000
1509097288.195716000
1509097288.221858000
1509097288.248033000
1509097288.274171000
1509097288.300293000
1509097288.326464000
1509097288.352616000
1509097288.378745000
1509097288.404886000
1509097288.431035000
1509097288.457161000
1509097288.483318000
1509097288.509458000
1509097288.535606000
1509097288.561741000
1509097288.587894000
1509097288.614038000
1509097288.640185000
1509097288.666321000
1509097288.692462000
1509097288.718642000
1509097288.744754000
1509097288.770903000
1509097288.797038000
1509097288.823221000
1509097288.849361000
1509097288.875492000
1509097288.901629000
1509097288.927773000
1509097288.953943000
1509097288.980081000
1509097289.006508000
1509097289.032362000
1509097289.058514000
1509097289.084671000
1509097289.110796000
1509097289.136938000
1509097289.163078000
1509097289.189235000
1509097289.215383000
1509097289.241520000
1509097289.267657000
1509097289.293825000
1509097289.319955000
1509097289.346140000
1509097289.372239000
1509097289.398397000
1509097289.424545000
1509097289.450672000
1509097289.476822000
1509097289.502959000
1509097289.529118000
1509097289.555260000
1509097289.581397000
1509097289.607547000
1509097289.633704000
1509097289.659843000
1509097289.685986000
1509097289.712150000
1509097289.738263000
1509097289.764419000
1509097289.790554000
1509097289.816754000
1509097289.842858000
1509097289.868991000
1509097289.895137000
1509097289.921283000
1509097289.947416000
1509097289.973552000
1509097289.999709000
1509097290.025873000
1509097290.052021000
1509097290.078142000
1509097290.104299000
1509097290.130435000
1509097290.156587000
1509097290.182714000
1509097290.208884000
1509097290.235018000
1509097290.261157000
1509097290.287299000
1509097290.313447000
1509097290.339602000
1509097290.365751000
1509097290.391897000
1509097290.418012000
1509097290.444177000
1509097290.470306000
1509097290.496449000
1509097290.522613000
1509097290.548746000
1509097290.574888000
1509097290.601033000
1509097290.627175000
1509097290.653329000
1509097290.679486000
1509097290.705634000
1509097290.731774000
1509097290.757892000
1509097290.784032000
1509097290.810215000
1509097290.836361000
1509097290.862490000
1509097290.888634000
1509097290.914781000
1509097290.940930000
1509097290.967052000
1509097290.993192000
1509097291.019364000
1509097291.045502000
1509097291.071633000
1509097291.097780000
1509097291.123986000
1509097291.150093000
1509097291.176227000
1509097291.202350000
1509097291.228495000
1509097291.254685000
1509097291.280804000
1509097291.306935000
1509097291.333095000
1509097291.359235000
1509097291.385372000
1509097291.411545000
1509097291.437658000
1509097291.463796000
1509097291.489963000
1509097291.516110000
1509097291.542239000
1509097291.568407000
1509097291.594516000
1509097291.620677000
1509097291.646844000
1509097291.672974000
1509097291.699108000
1509097291.725278000
1509097291.751399000
1509097291.777537000
1509097291.803675000
1509097291.829850000
1509097291.856001000
1509097291.882118000
1509097291.908266000
1509097291.934398000
1509097291.960578000
1509097291.986699000
1509097292.012876000
1509097292.038984000
1509097292.065139000
1509097292.091279000
1509097292.117464000
1509097292.143594000
1509097292.169728000
1509097292.195863000
1509097292.222020000
1509097292.248172000
1509097292.274283000
1509097292.300450000
1509097292.326611000
1509097292.352781000
1509097292.378912000
1509097292.405046000
1509097292.431217000
1509097292.457336000
1509097292.483456000
1509097292.509590000
1509097292.535764000
1509097292.561902000
1509097292.588039000
1509097292.614193000
1509097292.640348000
1509097292.666491000
1509097292.692599000
1509097292.718763000
1509097292.744908000
1509097292.771056000
1509097292.797200000
1509097292.823351000
1509097292.849478000
1509097292.875640000
1509097292.901845000
1509097292.927925000
1509097292.954061000
1509097292.980202000
1509097293.006366000
1509097293.032501000
1509097293.058645000
1509097293.084783000
1509097293.110938000
1509097293.137079000
1509097293.163210000
1509097293.189372000
1509097293.215504000
1509097293.241652000
1509097293.267802000
1509097293.293926000
1509097293.320072000
1509097293.346230000
1509097293.372367000
1509097293.398518000
1509097293.424651000
1509097293.450812000
1509097293.476954000
1509097293.503114000
1509097293.529271000
1509097293.555396000
1509097293.581537000
1509097293.607680000
1509097293.633811000
1509097293.659996000
1509097293.686130000
1509097293.712254000
1509097293.738392000
1509097293.764537000
1509097293.790672000
1509097293.816870000
1509097293.843006000
1509097293.869210000
1509097293.895269000
1509097293.921427000
1509097293.947557000
1509097293.973696000
1509097293.999827000
1509097294.025992000
1509097294.052162000
1509097294.078313000
1509097294.104432000
1509097294.130577000
1509097294.156713000
1509097294.182860000
1509097294.208999000
1509097294.235133000
1509097294.261286000
1509097294.287448000
1509097294.313588000
1509097294.339723000
1509097294.365856000
1509097294.392014000
1509097294.418178000
1509097294.444304000
1509097294.470445000
1509097294.496599000
1509097294.522745000
1509097294.548878000
1509097294.575057000
1509097294.601174000
1509097294.627331000
1509097294.653470000
1509097294.679669000
1509097294.705757000
1509097294.731899000
1509097294.758051000
1509097294.784208000
1509097294.810329000
1509097294.836484000
1509097294.862646000
1509097294.888769000
1509097294.914911000
1509097294.941042000
1509097294.967202000
1509097294.993340000
1509097295.019505000
1509097295.045622000
1509097295.071767000
1509097295.097921000
1509097295.124063000
1509097295.150202000
1509097295.176353000
1509097295.202505000
1509097295.228644000
1509097295.254801000
1509097295.280923000
1509097295.307076000
1509097295.333246000
1509097295.359366000
1509097295.385500000
1509097295.411655000
1509097295.437794000
1509097295.463956000
1509097295.490084000
1509097295.516228000
1509097295.542385000
1509097295.568515000
1509097295.594653000
1509097295.620830000
1509097295.646946000
1509097295.673138000
1509097295.699257000
1509097295.725386000
1509097295.751536000
1509097295.777685000
1509097295.803827000
1509097295.829982000
1509097295.856120000
1509097295.882247000
1509097295.908437000
1509097295.934560000
1509097295.960723000
1509097295.986828000
1509097296.012990000
1509097296.039141000
1509097296.065273000
1509097296.091409000
1509097296.117557000
1509097296.143726000
1509097296.169849000
1509097296.195989000
1509097296.222151000
1509097296.248297000
1509097296.274446000
1509097296.300571000
1509097296.326736000
1509097296.352870000
1509097296.379010000
1509097296.405152000
1509097296.431324000
1509097296.457431000
1509097296.483590000
1509097296.509753000
1509097296.535862000
1509097296.562012000
1509097296.588171000
1509097296.614309000
1509097296.640478000
1509097296.666603000
1509097296.692744000
1509097296.718895000
1509097296.745030000
1509097296.771173000
1509097296.797313000
1509097296.823485000
1509097296.849644000
1509097296.875775000
1509097296.901889000
1509097296.928051000
1509097296.954194000
1509097296.980354000
1509097297.006481000
1509097297.032614000
1509097297.058774000
1509097297.084935000
1509097297.111095000
1509097297.137194000
1509097297.163374000
1509097297.189536000
1509097297.215647000
1509097297.241794000
1509097297.267985000
1509097297.294095000
1509097297.320227000
1509097297.346370000
1509097297.372498000
1509097297.398670000
1509097297.424829000
1509097297.450937000
1509097297.477078000
1509097297.503207000
1509097297.529385000
1509097297.555547000
1509097297.581668000
1509097297.607805000
1509097297.633976000
1509097297.660099000
1509097297.686238000
1509097297.712398000
1509097297.738549000
1509097297.764684000
1509097297.790849000
1509097297.816972000
1509097297.843122000
1509097297.869254000
1509097297.895443000
1509097297.921560000
1509097297.947695000
1509097297.973866000
1509097298.000024000
1509097298.026172000
1509097298.052268000
1509097298.078397000
1509097298.104570000
1509097298.130725000
1509097298.156856000
1509097298.182976000
1509097298.209139000
1509097298.235297000
1509097298.261451000
1509097298.287588000
1509097298.313742000
1509097298.339890000
1509097298.366011000
1509097298.392168000
1509097298.418294000
1509097298.444450000
1509097298.470586000
1509097298.496720000
1509097298.522865000
1509097298.549001000
1509097298.575161000
1509097298.601545000
1509097298.627468000
1509097298.653582000
1509097298.679741000
1509097298.705885000
1509097298.732021000
1509097298.758162000
1509097298.784302000
1509097298.810465000
1509097298.836685000
1509097298.862752000
1509097298.888877000
1509097298.915090000
1509097298.941201000
1509097298.967322000
1509097298.993483000
1509097299.019656000
1509097299.045781000
1509097299.071954000
1509097299.098041000
1509097299.124207000
1509097299.150363000
1509097299.176512000
1509097299.202628000
1509097299.228790000
1509097299.254939000
1509097299.281076000
1509097299.307226000
1509097299.333365000
1509097299.359499000
1509097299.385662000
1509097299.411818000
1509097299.437940000
1509097299.464076000
1509097299.490235000
1509097299.516377000
1509097299.542520000
1509097299.568663000
1509097299.594803000
1509097299.620966000
1509097299.647097000
1509097299.673251000
1509097299.699387000
1509097299.725556000
1509097299.751702000
1509097299.777824000
1509097299.803972000
1509097299.830135000
1509097299.856339000
1509097299.882404000
1509097299.908561000
1509097299.934692000
1509097299.960900000
1509097299.986999000
1509097300.013111000
1509097300.039282000
1509097300.065428000
1509097300.091548000
1509097300.117716000
1509097300.143830000
1509097300.169984000
1509097300.196199000
1509097300.222276000
1509097300.248408000
1509097300.274585000
1509097300.300719000
1509097300.326881000
1509097300.352992000
1509097300.379142000
1509097300.405289000
1509097300.431450000
1509097300.457583000
1509097300.483720000
1509097300.509858000
1509097300.536011000
1509097300.562150000
1509097300.588292000
1509097300.614446000
1509097300.640591000
1509097300.666732000
1509097300.692884000
1509097300.719033000
1509097300.745159000
1509097300.771323000
1509097300.797455000
1509097300.823625000
1509097300.849767000
1509097300.875913000
1509097300.903998000
1509097300.928195000
1509097300.954332000
1509097300.980470000
1509097301.006642000
1509097301.032799000
1509097301.058917000
1509097301.085061000
1509097301.111228000
1509097301.137360000
1509097301.163503000
1509097301.189878000
1509097301.215822000
1509097301.241951000
1509097301.268097000
1509097301.294226000
1509097301.320356000
1509097301.346532000
1509097301.372662000
1509097301.398790000
1509097301.424939000
1509097301.451066000
1509097301.477213000
1509097301.503366000
1509097301.529502000
1509097301.555641000
1509097301.581804000
1509097301.607980000
1509097301.634082000
1509097301.660224000
1509097301.686382000
1509097301.712534000
1509097301.738662000
1509097301.764803000
1509097301.790945000
1509097301.817138000
1509097301.843246000
1509097301.869407000
1509097301.895534000
1509097301.921720000
1509097301.947843000
1509097301.973964000
1509097302.000105000
1509097302.026248000
1509097302.052403000
1509097302.078545000
1509097302.104681000
1509097302.130832000
1509097302.156989000
1509097302.183124000
1509097302.209284000
1509097302.235418000
1509097302.261554000
1509097302.287705000
1509097302.313849000
1509097302.339987000
1509097302.366128000
1509097302.392285000
1509097302.418425000
1509097302.444568000
1509097302.470707000
1509097302.496876000
1509097302.523022000
1509097302.549146000
1509097302.575288000
1509097302.601425000
1509097302.627592000
1509097302.653731000
1509097302.679872000
1509097302.706006000
1509097302.732167000
1509097302.758307000
1509097302.784449000
1509097302.810597000
1509097302.836764000
1509097302.862905000
1509097302.889033000
1509097302.915169000
1509097302.941311000
1509097302.967469000
1509097302.993611000
1509097303.019753000
1509097303.045893000
1509097303.072035000
1509097303.098194000
1509097303.124340000
1509097303.150567000
1509097303.176614000
1509097303.202759000
1509097303.228907000
1509097303.255085000
1509097303.281208000
1509097303.307347000
1509097303.333519000
1509097303.359655000
1509097303.385807000
1509097303.411938000
1509097303.438074000
1509097303.464213000
1509097303.490347000
1509097303.516496000
1509097303.542654000
1509097303.568793000
1509097303.594934000
1509097303.621081000
1509097303.647227000
1509097303.673376000
1509097303.699516000
1509097303.725677000
1509097303.751797000
1509097303.777955000
1509097303.804085000
1509097303.830262000
1509097303.856391000
1509097303.882527000
1509097303.908691000
1509097303.934855000
1509097303.960960000
1509097303.987098000
1509097304.013287000
1509097304.039395000
1509097304.065539000
1509097304.091730000
1509097304.117829000
1509097304.143989000
1509097304.170130000
1509097304.196269000
1509097304.222419000
1509097304.248560000
1509097304.274763000
1509097304.300846000
1509097304.326992000
1509097304.353160000
1509097304.379298000
1509097304.405423000
1509097304.431568000
1509097304.457700000
1509097304.483861000
1509097304.510027000
1509097304.536131000
1509097304.562282000
1509097304.588450000
1509097304.614610000
1509097304.640733000
1509097304.666863000
1509097304.693023000
1509097304.719177000
1509097304.745322000
1509097304.771442000
1509097304.797584000
1509097304.823796000
1509097304.849916000
1509097304.876031000
1509097304.902169000
1509097304.928325000
1509097304.954474000
1509097304.980603000
1509097305.006746000
1509097305.032886000
1509097305.059043000
1509097305.085205000
1509097305.111326000
1509097305.137465000
1509097305.163624000
1509097305.189764000
1509097305.215927000
1509097305.242046000
1509097305.268218000
1509097305.294362000
1509097305.320489000
1509097305.346664000
1509097305.372786000
1509097305.398953000
1509097305.425100000
1509097305.451276000
1509097305.477367000
1509097305.503507000
1509097305.529675000
1509097305.555812000
1509097305.581946000
1509097305.608092000
1509097305.634247000
1509097305.660394000
1509097305.686510000
1509097305.712654000
1509097305.738789000
1509097305.764957000
1509097305.791091000
1509097305.817254000
1509097305.843397000
1509097305.869530000
1509097305.895669000
1509097305.921825000
1509097305.947953000
1509097305.974129000
1509097306.000262000
1509097306.026407000
1509097306.052562000
1509097306.078681000
1509097306.104849000
1509097306.130987000
1509097306.157112000
1509097306.183252000
1509097306.209416000
1509097306.235564000
1509097306.261754000
1509097306.287834000
1509097306.313977000
1509097306.340154000
1509097306.366272000
1509097306.392412000
1509097306.418575000
1509097306.444714000
1509097306.470852000
1509097306.496995000
1509097306.523144000
1509097306.549336000
1509097306.575435000
1509097306.601586000
1509097306.627755000
1509097306.653887000
1509097306.680036000
1509097306.706176000
1509097306.732299000
1509097306.758437000
1509097306.784595000
1509097306.810735000
1509097306.836884000
1509097306.863024000
1509097306.889153000
1509097306.915327000
1509097306.941456000
1509097306.967592000
1509097306.993736000
1509097307.019929000
1509097307.046033000
1509097307.072176000
1509097307.098317000
1509097307.124472000
1509097307.150627000
1509097307.176764000
1509097307.202915000
1509097307.229051000
1509097307.255232000
1509097307.281349000
1509097307.307498000
1509097307.333631000
1509097307.359779000
1509097307.385928000
1509097307.412081000
1509097307.438214000
1509097307.464353000
1509097307.490508000
1509097307.516656000
1509097307.542788000
1509097307.568944000
1509097307.595097000
1509097307.621243000
1509097307.647369000
1509097307.673521000
1509097307.699656000
1509097307.725816000
1509097307.751956000
1509097307.778096000
1509097307.804230000
1509097307.830409000
1509097307.856532000
1509097307.882671000
1509097307.908825000
1509097307.934988000
1509097307.961118000
1509097307.987251000
1509097308.013396000
1509097308.039536000
1509097308.065694000
1509097308.091831000
1509097308.117979000
1509097308.144121000
1509097308.170254000
1509097308.196410000
1509097308.222573000
1509097308.248693000
1509097308.274879000
1509097308.300998000
1509097308.327145000
1509097308.353273000
1509097308.379417000
1509097308.405557000
1509097308.431712000
1509097308.457875000
1509097308.483994000
1509097308.510151000
1509097308.536315000
1509097308.562435000
1509097308.588573000
1509097308.614720000
1509097308.640881000
1509097308.667040000
1509097308.693158000
1509097308.719310000
1509097308.745440000
1509097308.771601000
1509097308.797745000
1509097308.823909000
1509097308.850027000
1509097308.876213000
1509097308.902326000
1509097308.928464000
1509097308.954605000
1509097308.980745000
1509097309.006913000
1509097309.033047000
1509097309.059180000
1509097309.085328000
1509097309.111488000
1509097309.137633000
1509097309.163766000
1509097309.189908000
1509097309.216046000
1509097309.242209000
1509097309.268347000
1509097309.294484000
1509097309.320626000
1509097309.346785000
1509097309.372926000
1509097309.399064000
1509097309.425209000
1509097309.451379000
1509097309.477508000
1509097309.503652000
1509097309.529791000
1509097309.555935000
1509097309.582088000
1509097309.608233000
1509097309.634388000
1509097309.660508000
1509097309.686677000
1509097309.712814000
1509097309.738950000
1509097309.765087000
1509097309.791229000
1509097309.817406000
1509097309.843540000
1509097309.869672000
1509097309.895810000
1509097309.921971000
1509097309.948110000
1509097309.974249000
1509097310.000394000
1509097310.026538000
1509097310.052691000
1509097310.078853000
1509097310.104971000
1509097310.131110000
1509097310.157293000
1509097310.183454000
1509097310.209594000
1509097310.235731000
1509097310.261908000
1509097310.288014000
1509097310.314149000
1509097310.340274000
1509097310.366416000
1509097310.392584000
1509097310.418777000
1509097310.444854000
1509097310.470988000
1509097310.497168000
1509097310.523286000
1509097310.549428000
1509097310.575561000
1509097310.601714000
1509097310.627861000
1509097310.654026000
1509097310.680174000
1509097310.706315000
1509097310.732443000
1509097310.758581000
1509097310.784721000
1509097310.810867000
1509097310.837019000
1509097310.863182000
1509097310.889352000
1509097310.915468000
1509097310.941594000
1509097310.967757000
1509097310.993894000
1509097311.020042000
1509097311.046176000
1509097311.072316000
1509097311.098473000
1509097311.124625000
1509097311.150781000
1509097311.176896000
1509097311.203056000
1509097311.229216000
1509097311.255341000
1509097311.281478000
1509097311.307625000
1509097311.333802000
1509097311.359931000
1509097311.386078000
1509097311.412191000
1509097311.438356000
1509097311.464486000
1509097311.490626000
1509097311.516768000
1509097311.542936000
1509097311.569081000
1509097311.595216000
1509097311.621350000
1509097311.647499000
1509097311.673647000
1509097311.699811000
1509097311.725931000
1509097311.752068000
1509097311.778227000
1509097311.804381000
1509097311.830535000
1509097311.856662000
1509097311.882796000
1509097311.908955000
1509097311.935100000
1509097311.961230000
1509097311.987369000
1509097312.013538000
1509097312.039680000
1509097312.065811000
1509097312.091950000
1509097312.118141000
1509097312.144250000
1509097312.170391000
1509097312.196532000
1509097312.222682000
1509097312.248871000
1509097312.275050000
1509097312.301111000
1509097312.327255000
1509097312.353435000
1509097312.379555000
1509097312.405693000
1509097312.431847000
1509097312.457974000
1509097312.484131000
1509097312.510273000
1509097312.536413000
1509097312.562555000
1509097312.588712000
1509097312.614874000
1509097312.641028000
1509097312.667130000
1509097312.693283000
1509097312.719461000
1509097312.745595000
1509097312.771715000
1509097312.797854000
1509097312.824025000
1509097312.850185000
1509097312.876296000
1509097312.902448000
1509097312.928597000
1509097312.954741000
1509097312.980869000
1509097313.007051000
1509097313.033160000
1509097313.059315000
1509097313.085455000
1509097313.111608000
1509097313.137743000
1509097313.163924000
1509097313.190037000
1509097313.216200000
1509097313.242317000
1509097313.268559000
1509097313.294618000
1509097313.320803000
1509097313.346939000
1509097313.373061000
1509097313.399209000
1509097313.425349000
1509097313.451488000
1509097313.477628000
1509097313.503761000
1509097313.529920000
1509097313.556185000
1509097313.582219000
1509097313.608356000
1509097313.634522000
1509097313.660651000
1509097313.686793000
1509097313.712920000
1509097313.739064000
1509097313.765221000
1509097313.791362000
1509097313.817538000
1509097313.843659000
1509097313.869803000
1509097313.895952000
1509097313.922097000
1509097313.948234000
1509097313.974382000
1509097314.000511000
1509097314.026660000
1509097314.052802000
1509097314.078943000
1509097314.105114000
1509097314.131242000
1509097314.157391000
1509097314.183609000
1509097314.209702000
1509097314.235866000
1509097314.261997000
1509097314.288106000
1509097314.314257000
1509097314.340408000
1509097314.366563000
1509097314.392697000
1509097314.418826000
1509097314.444985000
1509097314.471144000
1509097314.497266000
1509097314.523436000
1509097314.549558000
1509097314.575727000
1509097314.601859000
1509097314.628006000
1509097314.654168000
1509097314.680287000
1509097314.706438000
1509097314.732567000
1509097314.758720000
1509097314.784888000
1509097314.811020000
1509097314.837225000
1509097314.863388000
1509097314.889473000
1509097314.915694000
1509097314.941739000
1509097314.967869000
1509097314.994011000
1509097315.020172000
1509097315.046330000
1509097315.072450000
1509097315.098601000
1509097315.124771000
1509097315.150907000
1509097315.177030000
1509097315.203172000
1509097315.229316000
1509097315.255480000
1509097315.281622000
1509097315.307751000
1509097315.333902000
1509097315.360043000
1509097315.386191000
1509097315.412340000
1509097315.438473000
1509097315.464613000
1509097315.490772000
1509097315.516878000
1509097315.543073000
1509097315.569192000
1509097315.595350000
1509097315.621490000
1509097315.647651000
1509097315.673784000
1509097315.699926000
1509097315.726107000
1509097315.752214000
1509097315.778377000
1509097315.804527000
1509097315.830680000
1509097315.856823000
1509097315.882945000
1509097315.909086000
1509097315.935227000
1509097315.961384000
1509097315.987527000
1509097316.013679000
1509097316.039816000
1509097316.065968000
1509097316.092107000
1509097316.118249000
1509097316.144387000
1509097316.170530000
1509097316.196684000
1509097316.222826000
1509097316.248977000
1509097316.275126000
1509097316.301305000
1509097316.327408000
1509097316.353556000
1509097316.379690000
1509097316.405827000
1509097316.431989000
1509097316.458141000
1509097316.484275000
1509097316.510409000
1509097316.536571000
1509097316.562722000
1509097316.588874000
1509097316.614988000
1509097316.641152000
1509097316.667292000
1509097316.693435000
1509097316.719571000
1509097316.745722000
1509097316.771868000
1509097316.798024000
1509097316.824173000
1509097316.850294000
1509097316.876463000
1509097316.902596000
1509097316.928738000
1509097316.954873000
1509097316.981020000
